Number of nodes= 82
Number of caregiver=16
Number of group=3

Caregiver_cost=
151	200	127	169	157	131	162	116	117	213	128	134	133	159	146	117


Caregiver in group=
Group_1:3	8	9	11	16				
Group_2:1	4	5	6	7	12	13	14	15
Group_3:2	10							
			
							
	
skill matrix=			
Caregiver1:0	1	2	3	5	6	9	10	11	12	14	17	20	22	23	25	26	28	29	30	31	33	34	35	36	37	38	41	42	45	46	47	48	49	51	52	53	54	55	56	57	58	59	61	63	64	65	66	68	69	71	72	74	75	76	77	79	81
Caregiver2:0	4	7	8	9	10	12	13	14	15	16	17	18	19	20	21	24	27	30	32	39	40	41	43	44	45	46	50	51	52	53	56	57	58	59	60	61	62	64	65	66	67	69	70	71	73	74	78	79	80	81					
Caregiver3:0	1	2	3	5	6	11	22	23	25	26	28	29	31	33	34	35	36	37	38	42	47	48	49	54	55	63	68	72	75	76	77	81									Caregiver4:0	4	7	8	9	10	12	13	14	15	16	17	18	19	20	21	24	27	30	32	39	40	41	43	44	45	46	50	51	52	53	56	57	58	59	60	61	62	64	65	66	67	69	70	71	73	74	78	79	80	81					
Caregiver5:0	4	7	8	9	10	12	13	14	15	16	17	18	19	20	21	24	27	30	32	39	40	41	43	44	45	46	50	51	52	53	56	57	58	59	60	61	62	64	65	66	67	69	70	71	73	74	78	79	80	81					
Caregiver6:0	1	2	3	5	6	9	10	11	12	14	17	20	22	23	25	26	28	29	30	31	33	34	35	36	37	38	41	42	45	46	47	48	49	51	52	53	54	55	56	57	58	59	61	63	64	65	66	68	69	71	72	74	75	76	77	79	81
Caregiver7:0	4	7	8	9	10	12	13	14	15	16	17	18	19	20	21	24	27	30	32	39	40	41	43	44	45	46	50	51	52	53	56	57	58	59	60	61	62	64	65	66	67	69	70	71	73	74	78	79	80	81					
Caregiver8:0	9	10	12	14	17	20	30	41	45	46	51	52	53	56	57	58	59	61	64	65	66	69	71	74	79	81							
Caregiver9:0	9	10	12	14	17	20	30	41	45	46	51	52	53	56	57	58	59	61	64	65	66	69	71	74	79	81							
Caregiver10:0	1	2	3	5	6	9	10	11	12	14	17	20	22	23	25	26	28	29	30	31	33	34	35	36	37	38	41	42	45	46	47	48	49	51	52	53	54	55	56	57	58	59	61	63	64	65	66	68	69	71	72	74	75	76	77	79	81
Caregiver11:0	1	2	3	5	6	11	22	23	25	26	28	29	31	33	34	35	36	37	38	42	47	48	49	54	55	63	68	72	75	76	77	81									Caregiver12:0	1	2	3	5	6	9	10	11	12	14	17	20	22	23	25	26	28	29	30	31	33	34	35	36	37	38	41	42	45	46	47	48	49	51	52	53	54	55	56	57	58	59	61	63	64	65	66	68	69	71	72	74	75	76	77	79	81
Caregiver13:0	1	2	3	4	5	6	7	8	11	13	15	16	18	19	21	22	23	24	25	26	27	28	29	31	32	33	34	35	36	37	38	39	40	42	43	44	47	48	49	50	54	55	60	62	63	67	68	70	72	73	75	76	77	78	80	81	
Caregiver14:0	1	2	3	4	5	6	7	8	11	13	15	16	18	19	21	22	23	24	25	26	27	28	29	31	32	33	34	35	36	37	38	39	40	42	43	44	47	48	49	50	54	55	60	62	63	67	68	70	72	73	75	76	77	78	80	81	
Caregiver15:0	1	2	3	4	5	6	7	8	11	13	15	16	18	19	21	22	23	24	25	26	27	28	29	31	32	33	34	35	36	37	38	39	40	42	43	44	47	48	49	50	54	55	60	62	63	67	68	70	72	73	75	76	77	78	80	81	
Caregiver16:0	4	7	8	13	15	16	18	19	21	24	27	32	39	40	43	44	50	60	62	67	70	73	78	80	81																																

type of shift per day=2
number of days=7
Number of shitfs=14

Service time of node=
0	49	24	47	60	21	58	49	36	46	28	31	59	33	51	34	26	44	41	28	48	57	37	42	49	48	53	37	33	45	40	58	45	27	45	21	34	47	44	59	49	56	30	30	57	23	28	51	33	33	47	52	53	59	32	46	29	51	56	28	40	47	32	43	59	33	48	54	52	35	44	54	51	42	52	21	23	53	21	25	37	0

Time window for ptient matrix (patient,shift) :first line alfa and second beta
0	0	976	0	600	622	0	834	527	0	0	0	985	0	0	0	0	487	0	820	0	0	481	613	0	0	0	608	0	0	480	0	861	0	0	0	0	697	648	480	0	0	804	780	0	948	0	0	780	0	0	789	0	480	480	0	0	0	0	0	0	0	0	891	480	0	0	0	0	798	0	685	801	0	672	568	955	0	0	0	684	0
0	0	1080	0	782	720	0	915	657	0	0	0	1015	0	0	0	0	617	0	890	0	0	574	681	0	0	0	722	0	0	780	0	950	0	0	0	0	780	766	780	0	0	900	1080	0	1018	0	0	873	0	0	898	0	780	571	0	0	0	0	0	0	0	0	963	561	0	0	0	0	863	0	715	920	0	702	631	985	0	0	0	714	0
0	688	0	0	0	0	0	0	828	0	846	810	534	831	0	559	0	0	0	480	0	0	1019	480	0	0	0	0	0	0	0	0	0	0	796	595	0	976	846	780	0	780	0	596	0	878	0	480	0	0	812	0	589	945	0	621	0	586	0	626	780	0	0	0	480	0	0	780	0	0	879	0	701	859	0	0	0	696	0	0	0	0
0	780	0	0	0	0	0	0	932	0	949	940	612	1018	0	669	0	0	0	780	0	0	1049	780	0	0	0	0	0	0	0	0	0	0	884	690	0	1006	947	1080	0	1080	0	626	0	908	0	780	0	0	912	0	705	1010	0	732	0	671	0	656	1080	0	0	0	780	0	0	1080	0	0	977	0	760	931	0	0	0	776	0	0	0	0
0	689	882	503	0	1024	647	728	0	832	0	0	0	0	0	782	865	0	0	0	0	979	0	0	819	514	480	0	827	789	0	0	876	0	812	780	480	0	0	0	0	945	534	0	0	0	780	0	0	0	0	0	780	0	1028	647	0	831	797	0	780	0	496	0	901	0	699	0	877	0	993	640	0	0	541	0	0	871	851	0	0	0
0	780	1010	602	0	1054	677	932	0	862	0	0	0	0	0	897	995	0	0	0	0	1075	0	0	949	544	780	0	989	901	0	0	1006	0	898	1080	780	0	0	0	0	1055	603	0	0	0	889	0	0	0	0	0	1080	0	1058	677	0	924	827	0	861	0	658	0	931	0	774	0	950	0	1023	748	0	0	616	0	0	952	981	0	0	0
0	480	975	808	780	780	0	0	0	0	480	998	780	0	877	0	0	493	0	0	904	852	0	0	1014	957	681	0	0	853	847	712	0	0	0	480	480	501	863	0	780	0	0	0	817	0	0	0	604	0	780	617	0	0	0	0	911	845	0	0	0	850	0	0	0	0	0	0	978	946	854	0	0	781	0	0	0	0	0	0	704	0
0	780	1005	917	1080	898	0	0	0	0	780	1080	1080	0	1046	0	0	570	0	0	1024	951	0	0	1044	1073	768	0	0	883	877	842	0	0	0	780	563	565	929	0	1080	0	0	0	926	0	0	0	634	0	1080	747	0	0	0	0	1041	875	0	0	0	940	0	0	0	0	0	0	1080	1053	1023	0	0	947	0	0	0	0	0	0	784	0
0	480	0	0	644	0	884	0	0	0	0	0	780	509	0	780	633	0	900	0	0	0	0	0	0	0	948	637	656	0	0	1034	0	0	502	984	0	630	1016	0	0	850	0	0	0	804	780	0	480	887	0	0	0	982	0	0	480	0	0	959	0	0	480	780	0	0	517	556	833	486	0	0	0	951	0	480	480	0	684	480	863	0
0	780	0	0	743	0	960	0	0	0	0	0	1080	690	0	1080	663	0	1044	0	0	0	0	0	0	0	1044	667	742	0	0	1064	0	0	619	1080	0	747	1046	0	0	946	0	0	0	911	1080	0	780	968	0	0	0	1080	0	0	780	0	0	1063	0	0	573	1080	0	0	624	628	902	598	0	0	0	1039	0	780	594	0	746	780	893	0
0	0	662	0	0	0	684	0	0	814	0	563	0	0	950	0	858	0	974	561	600	0	0	0	780	0	480	0	0	0	953	0	568	480	0	0	0	0	0	634	0	797	0	480	1002	0	538	986	0	699	539	611	0	0	480	0	0	0	504	598	0	0	780	780	0	480	966	0	0	0	0	0	637	729	0	0	0	780	0	780	0	0
0	0	778	0	0	0	780	0	0	944	0	593	0	0	1020	0	958	0	1080	739	712	0	0	0	885	0	780	0	0	0	1063	0	698	780	0	0	0	0	0	664	0	827	0	780	1032	0	568	1016	0	780	569	675	0	0	780	0	0	0	587	628	0	0	1080	1080	0	780	996	0	0	0	0	0	697	759	0	0	0	1080	0	1080	0	0
0	0	0	0	651	480	0	836	0	0	0	780	0	0	0	0	505	0	611	0	0	0	0	0	0	0	0	0	0	0	712	480	0	804	480	0	0	0	0	780	920	0	546	0	780	559	0	903	0	0	480	628	0	0	961	0	0	514	0	0	560	857	0	0	716	480	0	0	480	0	617	0	0	0	510	0	0	678	933	0	480	0
0	0	0	0	754	780	0	955	0	0	0	1080	0	0	0	0	694	0	681	0	0	0	0	0	0	0	0	0	0	0	775	780	0	897	595	0	0	0	0	865	996	0	676	0	1080	677	0	1003	0	0	780	705	0	0	991	0	0	610	0	0	645	987	0	0	746	780	0	0	780	0	647	0	0	0	585	0	0	771	963	0	780	0



CII matrix(caregiver, patient)
0	5	3	4	0	3	5	0	0	7	3	7	3	0	5	0	0	7	0	0	5	0	4	5	0	3	6	0	4	7	4	5	0	7	3	7	7	5	7	0	0	3	7	0	0	5	4	6	4	4	0	4	3	4	7	4	7	6	5	5	0	6	0	7	5	3	4	0	4	3	0	7	3	0	5	4	7	5	0	6	0	0
0	0	0	0	5	0	0	2	4	5	3	0	1	2	2	3	4	3	1	5	2	3	0	0	5	0	0	1	0	0	3	0	4	0	0	0	0	0	0	1	2	1	0	1	3	1	4	0	0	0	5	5	2	3	0	0	1	1	4	4	1	4	1	0	1	1	5	2	0	1	4	2	0	3	5	0	0	0	5	4	2	0
0	7	6	8	0	8	7	0	0	0	0	7	0	0	0	0	0	0	0	0	0	0	10	9	0	8	7	0	6	9	0	8	0	7	10	9	6	7	7	0	0	0	8	0	0	0	0	6	6	6	0	0	0	0	7	8	0	0	0	0	0	0	0	10	0	0	0	0	7	0	0	0	9	0	0	8	10	6	0	0	0	0
0	0	0	0	7	0	0	4	5	3	3	0	4	4	7	6	5	3	7	7	6	5	0	0	6	0	0	7	0	0	5	0	4	0	0	0	0	0	0	4	5	3	0	7	3	4	6	0	0	0	5	4	3	5	0	0	7	4	7	7	5	3	6	0	4	5	5	6	0	6	7	4	0	6	7	0	0	0	6	7	4	0
0	0	0	0	7	0	0	4	3	5	5	0	3	5	6	3	5	5	4	4	3	5	0	0	4	0	0	5	0	0	7	0	5	0	0	0	0	0	0	7	3	5	0	7	7	7	4	0	0	0	6	7	6	5	0	0	5	4	4	6	4	3	5	0	3	4	7	3	0	4	3	3	0	7	3	0	0	0	3	4	7	0
0	3	3	3	0	5	3	0	0	6	5	5	7	0	6	0	0	7	0	0	6	0	4	3	0	6	4	0	5	7	5	5	0	4	3	5	4	5	5	0	0	6	5	0	0	5	3	7	4	4	0	7	4	7	7	7	3	6	3	4	0	6	0	3	7	5	7	0	7	3	0	6	4	0	4	6	3	5	0	6	0	0
0	0	0	0	4	0	0	5	5	5	4	0	7	5	6	7	6	4	7	6	4	3	0	0	4	0	0	4	0	0	4	0	7	0	0	0	0	0	0	4	4	4	0	6	3	5	7	0	0	0	5	4	4	6	0	0	5	3	4	6	5	5	7	0	5	7	4	5	0	5	7	3	0	4	4	0	0	0	4	3	3	0
0	0	0	0	0	0	0	0	0	10	6	0	10	0	8	0	0	8	0	0	10	0	0	0	0	0	0	0	0	0	6	0	0	0	0	0	0	0	0	0	0	8	0	0	0	6	8	0	0	0	0	7	10	10	0	0	7	9	7	9	0	8	0	0	10	6	10	0	0	10	0	8	0	0	8	0	0	0	0	9	0	0
0	0	0	0	0	0	0	0	0	6	10	0	6	0	7	0	0	7	0	0	8	0	0	0	0	0	0	0	0	0	6	0	0	0	0	0	0	0	0	0	0	9	0	0	0	7	6	0	0	0	0	8	9	6	0	0	7	7	8	8	0	9	0	0	7	7	9	0	0	6	0	7	0	0	8	0	0	0	0	8	0	0
0	3	4	2	0	3	5	0	0	1	3	1	3	0	4	0	0	4	0	0	1	0	5	1	0	4	3	0	5	2	2	2	0	5	4	4	3	2	5	0	0	3	1	0	0	3	1	5	1	5	0	2	4	3	3	4	3	3	4	3	0	5	0	5	2	3	1	0	4	4	0	2	2	0	4	2	4	3	0	2	0	0
0	8	7	9	0	6	7	0	0	0	0	6	0	0	0	0	0	0	0	0	0	0	8	9	0	7	6	0	9	6	0	6	0	10	8	10	7	6	8	0	0	0	7	0	0	0	0	10	9	7	0	0	0	0	7	7	0	0	0	0	0	0	0	6	0	0	0	0	6	0	0	0	7	0	0	9	8	8	0	0	0	0
0	6	5	6	0	5	5	0	0	7	4	6	6	0	6	0	0	4	0	0	5	0	4	3	0	6	3	0	7	4	5	3	0	4	7	7	6	5	3	0	0	7	4	0	0	7	4	5	7	6	0	5	6	7	4	5	4	7	5	6	0	4	0	3	5	5	4	0	6	4	0	6	6	0	3	7	7	7	0	4	0	0
0	6	6	3	3	4	6	3	7	0	0	3	0	6	0	6	6	0	4	4	0	4	3	6	6	5	7	5	3	5	0	5	6	6	4	3	5	5	4	4	6	0	6	7	6	0	0	7	3	6	4	0	0	0	6	6	0	0	0	0	4	0	5	4	0	0	0	7	6	0	3	0	6	4	0	3	3	6	7	0	7	0
0	4	4	4	7	7	3	6	7	0	0	6	0	4	0	5	6	0	4	7	0	4	3	3	7	6	7	3	6	4	0	6	7	7	6	6	4	5	3	3	5	0	7	6	4	0	0	5	5	6	7	0	0	0	5	3	0	0	0	0	3	0	7	5	0	0	0	6	7	0	5	0	6	7	0	4	7	4	6	0	3	0
0	6	6	4	7	3	7	6	7	0	0	4	0	7	0	6	7	0	6	4	0	6	6	6	6	4	7	6	6	4	0	5	4	6	4	6	3	3	6	5	5	0	3	5	3	0	0	7	5	3	4	0	0	0	7	4	0	0	0	0	7	0	7	3	0	0	0	3	3	0	6	0	5	4	0	7	4	3	6	0	7	0
0	0	0	0	6	0	0	9	9	0	0	0	0	10	0	10	10	0	9	6	0	10	0	0	7	0	0	8	0	0	0	0	9	0	0	0	0	0	0	6	9	0	0	9	8	0	0	0	0	0	6	0	0	0	0	0	0	0	0	0	7	0	10	0	0	0	0	6	0	0	7	0	0	10	0	0	0	0	6	0	7	0



travel time=
0	48	28	32	54	51	49	48	55	29	32	23	64	60	59	48	20	13	54	55	50	31	50	48	43	57	36	43	62	67	53	31	56	51	56	52	38	29	62	26	67	66	22	15	41	19	10	42	36	33	31	7	18	13	42	53	19	44	34	16	67	39	35	57	7	33	40	59	52	4	56	31	33	44	37	45	44	57	70	49	40	0
48	0	75	71	43	10	94	95	9	69	74	69	41	92	106	85	67	35	15	90	94	60	73	59	20	102	40	87	103	105	25	77	103	14	61	96	26	73	59	48	105	56	36	33	25	48	58	12	84	68	53	48	53	56	14	6	63	48	51	55	108	76	67	46	41	26	87	38	98	48	58	79	48	80	33	92	70	38	61	79	65	48
28	75	0	35	71	77	24	22	81	19	31	21	90	61	31	33	15	41	79	40	38	44	61	56	67	29	53	30	39	60	75	5	28	77	63	40	65	11	72	47	61	80	48	42	63	40	18	70	9	28	39	30	35	27	67	79	13	56	43	31	44	41	31	73	35	56	12	78	25	29	66	9	45	30	63	28	54	76	83	55	52	28
32	71	35	0	87	78	57	39	80	50	5	14	68	28	56	68	21	40	81	74	24	15	27	80	73	60	69	20	74	35	83	40	55	79	87	25	50	45	94	25	35	99	35	44	71	23	29	61	38	58	62	27	18	19	70	77	39	76	65	18	78	7	61	90	36	64	41	91	57	29	88	29	65	64	45	27	20	89	103	20	19	32
54	43	71	87	0	35	80	93	40	56	86	77	83	113	98	62	72	49	31	66	104	82	100	24	23	89	19	96	82	121	19	70	93	31	22	106	62	63	16	72	122	14	61	44	20	67	61	51	79	49	33	59	70	67	29	40	58	16	29	69	87	93	47	3	51	25	80	10	85	58	18	78	27	59	67	97	95	8	19	101	90	54
51	10	77	78	35	0	94	98	5	69	80	74	50	100	108	83	71	40	5	88	100	68	81	53	15	103	35	93	102	112	16	78	105	4	55	101	36	74	51	56	112	47	43	36	19	55	61	22	86	66	51	53	59	61	11	6	65	43	48	61	107	83	66	38	45	24	89	29	99	53	51	82	45	79	42	96	78	30	53	86	73	51
49	94	24	57	80	94	0	27	99	25	52	44	113	81	20	22	39	62	95	25	52	68	84	59	82	10	64	47	16	76	89	19	15	93	65	55	87	21	76	71	77	85	71	62	78	63	40	90	20	31	47	53	59	51	84	97	31	63	51	55	20	63	33	81	56	71	16	88	6	52	69	28	54	22	86	41	77	86	86	76	76	49
48	95	22	39	93	98	27	0	102	39	33	30	104	57	17	47	29	60	100	51	26	52	65	77	88	24	75	23	42	49	97	24	18	98	84	28	82	31	94	60	50	102	64	63	85	54	37	89	14	48	61	48	48	42	88	100	36	78	65	45	45	42	51	95	54	78	14	101	23	47	87	17	67	45	78	15	58	98	104	55	58	48
55	9	81	80	40	5	99	102	0	74	82	76	47	101	112	88	74	43	9	94	102	69	81	59	20	108	41	95	107	113	21	83	109	9	61	104	35	79	56	57	114	52	45	39	25	56	65	21	90	71	56	56	61	64	16	2	69	48	53	63	112	85	71	43	48	29	93	34	103	56	57	86	50	84	41	99	79	34	57	87	74	55
29	69	19	50	56	69	25	39	74	0	47	36	92	78	42	19	29	40	70	26	56	56	74	38	57	34	39	49	34	78	64	15	37	68	45	58	66	8	55	55	79	63	51	39	53	47	23	67	25	9	23	35	44	36	59	73	12	40	28	41	39	57	12	58	34	46	25	64	30	33	48	27	30	15	66	46	68	62	65	70	64	29
32	74	31	5	86	80	52	33	82	47	0	11	73	31	50	64	18	41	83	70	21	20	32	78	74	54	68	15	69	35	84	36	50	81	86	22	54	41	93	29	36	98	38	45	72	26	27	64	33	55	60	28	21	20	71	80	36	75	64	19	73	11	58	89	37	64	36	91	52	29	87	24	63	60	49	22	25	89	102	24	25	32
23	69	21	14	77	74	44	30	76	36	11	0	74	42	46	54	7	34	76	60	27	24	40	67	66	48	59	19	60	45	76	26	44	74	75	29	52	31	83	30	46	88	35	38	64	24	17	61	25	44	50	21	19	13	65	74	25	65	53	15	65	21	47	80	29	56	29	82	44	21	76	17	53	49	48	23	33	81	92	34	31	23
64	41	90	68	83	50	113	104	47	92	73	74	0	76	119	111	76	53	55	117	92	54	55	95	60	119	76	88	126	93	66	93	117	55	99	93	26	93	98	45	93	96	42	54	63	51	73	32	97	94	84	59	56	63	53	45	82	85	84	59	131	69	95	86	58	62	101	79	115	61	97	89	81	106	27	95	56	79	102	65	52	64
60	92	61	28	113	100	81	57	101	78	31	42	76	0	73	94	49	65	104	100	31	32	22	108	97	80	96	34	97	18	108	66	74	102	115	30	67	72	122	44	17	126	56	69	97	47	58	80	61	86	90	54	43	47	93	98	67	104	93	44	101	21	89	117	63	90	64	117	79	56	116	54	93	91	61	41	22	115	130	13	27	60
59	106	31	56	98	108	20	17	112	42	50	46	119	73	0	42	43	72	110	44	42	69	82	78	97	12	81	40	31	64	105	30	5	107	85	44	95	35	95	75	65	104	78	74	93	69	49	101	23	49	65	61	64	56	98	111	43	82	69	60	32	60	52	99	66	86	20	106	14	60	88	30	71	42	93	32	75	104	106	72	75	59
48	85	33	68	62	83	22	47	88	19	64	54	111	94	42	0	47	58	83	7	69	75	93	39	69	31	49	63	20	93	74	28	37	81	45	72	84	23	56	74	94	65	70	57	64	66	42	84	35	17	32	54	64	55	72	87	31	46	36	60	25	75	17	63	53	59	33	71	28	52	49	41	39	5	84	59	86	69	66	87	83	48
20	67	15	21	72	71	39	29	74	29	18	7	76	49	43	47	0	32	73	53	32	29	46	61	62	43	53	24	55	51	72	20	41	71	69	34	53	24	76	32	52	83	36	35	60	26	11	60	21	37	43	19	21	13	61	72	18	59	47	17	59	28	40	74	26	52	25	78	40	19	70	13	47	43	50	26	40	76	86	41	37	20
13	35	41	40	49	40	62	60	43	40	41	34	53	65	72	58	32	0	42	65	61	33	51	49	33	69	33	53	73	74	43	43	69	40	55	62	27	41	59	24	75	62	14	5	32	19	23	29	49	41	34	13	22	21	31	40	30	42	35	22	79	46	43	52	6	25	52	52	65	13	55	44	33	53	27	57	46	50	67	52	41	13
54	15	79	81	31	5	95	100	9	70	83	76	55	104	110	83	73	42	0	88	103	72	86	51	14	104	34	96	102	115	12	80	106	2	52	105	40	75	48	60	116	43	47	39	18	58	63	27	88	66	50	56	63	64	12	10	66	41	47	64	107	87	65	34	47	24	90	25	100	55	48	84	44	79	46	99	83	25	48	91	77	54
55	90	40	74	66	88	25	51	94	26	70	60	117	100	44	7	53	65	88	0	75	81	99	42	74	33	54	68	18	98	79	34	39	86	47	77	91	29	58	81	99	68	77	64	70	73	49	91	40	23	38	61	70	62	78	93	38	50	41	67	22	81	23	66	60	65	38	75	30	59	51	47	44	12	91	64	93	73	68	94	90	55
50	94	38	24	104	100	52	26	102	56	21	27	92	31	42	69	32	61	103	75	0	39	44	92	93	50	85	8	68	24	103	42	44	101	100	2	75	49	108	50	25	114	59	65	91	47	43	85	34	65	74	47	41	39	91	100	48	91	78	40	71	23	68	106	56	83	37	109	49	48	101	29	79	66	70	11	39	107	118	33	41	50
31	60	44	15	82	68	68	52	69	56	20	24	54	32	69	75	29	33	72	81	39	0	19	79	65	71	65	34	84	44	75	49	68	70	86	39	37	52	91	12	45	95	24	38	65	15	33	49	49	62	62	25	13	20	61	67	44	74	65	15	88	16	65	85	32	58	53	85	68	27	86	41	63	70	32	41	13	83	100	19	9	31
50	73	61	27	100	81	84	65	81	74	32	40	55	22	82	93	46	51	86	99	44	19	0	98	81	86	83	43	100	39	91	66	81	84	105	43	47	70	110	27	39	113	39	55	81	33	51	61	64	81	81	43	32	39	76	79	62	92	84	34	104	22	83	103	50	75	68	101	84	46	105	56	82	88	40	51	7	100	117	11	10	50
48	59	56	80	24	53	59	77	59	38	78	67	95	108	78	39	61	49	51	42	92	79	98	0	39	69	19	84	59	112	40	53	73	50	8	94	70	46	17	72	113	26	63	45	34	66	51	64	63	29	18	55	66	61	44	58	44	10	15	64	64	87	27	24	48	33	63	34	65	53	10	64	16	37	73	83	92	32	28	97	88	48
43	20	67	73	23	15	82	88	20	57	74	66	60	97	97	69	62	33	14	74	93	65	81	39	0	91	21	86	88	107	10	67	93	12	41	95	40	62	38	54	108	36	42	29	5	51	52	29	75	53	37	46	55	54	7	20	54	28	34	55	94	79	52	26	37	11	78	21	86	45	38	72	31	65	45	88	77	20	42	85	72	43
57	102	29	60	89	103	10	24	108	34	54	48	119	80	12	31	43	69	104	33	50	71	86	69	91	0	73	46	20	73	98	26	7	102	75	52	94	29	86	76	74	95	77	70	87	69	47	98	23	40	57	60	64	56	92	106	39	73	61	60	21	65	43	91	63	80	19	98	4	58	79	31	63	32	92	39	80	96	96	78	79	57
36	40	53	69	19	35	64	75	41	39	68	59	76	96	81	49	53	33	34	54	85	65	83	19	21	73	0	77	69	103	26	52	76	33	24	87	51	46	26	57	104	30	46	28	16	51	42	44	61	34	17	42	53	49	26	40	40	10	13	52	74	76	32	21	34	14	63	25	69	40	22	60	10	45	55	78	78	23	34	84	73	36
43	87	30	20	96	93	47	23	95	49	15	19	88	34	40	63	24	53	96	68	8	34	43	84	86	46	77	0	63	30	96	35	40	93	92	10	69	42	100	44	31	107	53	57	84	41	35	79	28	58	67	40	35	32	84	93	40	83	71	33	67	21	61	98	48	76	31	101	45	40	94	22	71	60	64	8	37	100	110	33	38	43
62	103	39	74	82	102	16	42	107	34	69	60	126	97	31	20	55	73	102	18	68	84	100	59	88	20	69	63	0	92	94	34	27	100	64	71	100	33	75	85	93	85	84	73	84	78	54	101	36	36	52	67	74	66	91	106	44	66	56	70	5	79	37	83	68	78	33	92	19	65	69	44	58	23	99	57	93	89	85	93	91	62
67	105	60	35	121	112	76	49	113	78	35	45	93	18	64	93	51	74	115	98	24	44	39	112	107	73	103	30	92	0	118	65	67	113	120	21	81	71	127	57	1	133	68	79	106	57	62	94	58	87	94	62	53	54	104	111	69	110	98	52	94	29	90	124	71	99	60	126	73	63	121	52	98	89	75	35	37	124	137	28	42	67
53	25	75	83	19	16	89	97	21	64	84	76	66	108	105	74	72	43	12	79	103	75	91	40	10	98	26	96	94	118	0	75	101	12	41	105	48	70	35	64	118	31	52	39	12	61	61	36	84	59	42	56	65	64	15	22	62	30	39	65	99	89	58	22	47	20	86	13	94	55	36	81	36	71	54	98	87	13	36	95	82	53
31	77	5	40	70	78	19	24	83	15	36	26	93	66	30	28	20	43	80	34	42	49	66	53	67	26	52	35	34	65	75	0	26	77	60	45	68	7	70	51	66	78	52	44	63	44	21	72	10	24	37	34	40	32	68	81	13	54	41	36	39	47	27	71	37	56	11	77	22	32	63	13	43	25	66	32	60	75	80	60	57	31
56	103	28	55	93	105	15	18	109	37	50	44	117	74	5	37	41	69	106	39	44	68	81	73	93	7	76	40	27	67	101	26	0	104	80	46	93	31	91	73	68	100	76	70	89	67	46	98	20	44	60	58	62	54	94	107	40	77	65	58	28	60	47	95	63	82	17	102	9	57	84	28	67	37	90	33	75	99	101	73	74	56
51	14	77	79	31	4	93	98	9	68	81	74	55	102	107	81	71	40	2	86	101	70	84	50	12	102	33	93	100	113	12	77	104	0	51	102	39	73	47	58	114	43	45	36	16	56	61	25	86	64	48	53	61	62	10	10	64	40	45	62	105	85	63	34	45	22	88	25	97	53	47	82	42	77	45	97	81	25	48	89	75	51
56	61	63	87	22	55	65	84	61	45	86	75	99	115	85	45	69	55	52	47	100	86	105	8	41	75	24	92	64	120	41	60	80	51	0	102	75	53	11	79	121	21	69	51	37	73	58	68	70	37	26	62	74	68	47	61	52	14	22	72	69	94	34	21	55	37	70	32	71	60	5	72	23	43	79	91	100	30	21	104	95	56
52	96	40	25	106	101	55	28	104	58	22	29	93	30	44	72	34	62	105	77	2	39	43	94	95	52	87	10	71	21	105	45	46	102	102	0	75	51	110	50	22	117	60	66	93	48	45	86	37	68	77	49	43	41	93	102	50	93	81	41	73	23	71	108	58	85	39	111	52	50	104	31	81	69	70	13	39	109	120	32	41	52
38	26	65	50	62	36	87	82	35	66	54	52	26	67	95	84	53	27	40	91	75	37	47	70	40	94	51	69	100	81	48	68	93	39	75	75	0	67	76	25	81	76	17	28	42	28	47	14	73	68	58	34	34	40	34	33	56	61	58	37	105	54	69	65	32	38	76	61	90	36	73	66	56	80	6	74	45	60	81	54	40	38
29	73	11	45	63	74	21	31	79	8	41	31	93	72	35	23	24	41	75	29	49	52	70	46	62	29	46	42	33	71	70	7	31	73	53	51	67	0	63	53	72	71	51	42	58	45	21	70	17	17	30	34	42	33	64	77	11	48	35	38	38	52	20	65	36	51	17	71	25	32	56	20	37	19	66	39	63	69	73	65	61	29
62	59	72	94	16	51	76	94	56	55	93	83	98	122	95	56	76	59	48	58	108	91	110	17	38	86	26	100	75	127	35	70	91	47	11	110	76	63	0	83	128	10	72	55	35	77	66	67	80	47	34	67	79	75	45	57	60	18	29	77	80	101	44	14	60	38	80	24	82	66	7	80	29	54	80	100	105	23	10	110	100	62
26	48	47	25	72	56	71	60	57	55	29	30	45	44	75	74	32	24	60	81	50	12	27	72	54	76	57	44	85	57	64	51	73	58	79	50	25	53	83	0	57	86	12	28	54	8	32	37	53	60	56	20	12	20	50	54	43	66	58	16	90	29	61	76	24	48	57	74	72	22	78	46	56	69	20	50	23	73	90	31	18	26
67	105	61	35	122	112	77	50	114	79	36	46	93	17	65	94	52	75	116	99	25	45	39	113	108	74	104	31	93	1	118	66	68	114	121	22	81	72	128	57	0	134	69	79	107	58	63	94	59	88	95	63	53	55	105	111	70	110	99	53	95	29	91	125	71	99	61	126	74	64	122	53	99	90	75	36	37	124	137	28	42	67
66	56	80	99	14	47	85	102	52	63	98	88	96	126	104	65	83	62	43	68	114	95	113	26	36	95	30	107	85	133	31	78	100	43	21	117	76	71	10	86	134	0	74	57	34	81	72	65	88	55	41	72	83	79	43	53	67	24	37	82	90	106	53	10	64	39	88	18	91	70	16	88	36	64	80	107	108	18	5	114	103	66
22	36	48	35	61	43	71	64	45	51	38	35	42	56	78	70	36	14	47	77	59	24	39	63	42	77	46	53	84	68	52	52	76	45	69	60	17	51	72	12	69	74	0	18	42	12	31	26	56	55	48	18	17	22	37	42	41	55	49	20	89	40	56	64	17	36	59	62	73	19	68	49	47	65	15	58	36	61	79	43	30	22
15	33	42	44	44	36	62	63	39	39	45	38	54	69	74	57	35	5	39	64	65	38	55	45	29	70	28	57	73	79	39	44	70	36	51	66	28	42	55	28	79	57	18	0	28	23	25	28	51	40	31	17	26	26	27	37	31	38	32	26	79	50	41	48	9	20	54	47	66	17	50	46	29	52	29	60	51	46	62	57	45	15
41	25	63	71	20	19	78	85	25	53	72	64	63	97	93	64	60	32	18	70	91	65	81	34	5	87	16	84	84	106	12	63	89	16	37	93	42	58	35	54	107	34	42	28	0	50	49	32	72	48	32	44	54	53	10	24	50	24	29	54	89	78	47	24	36	8	74	20	82	43	34	69	26	61	47	86	77	19	39	84	72	41
19	48	40	23	67	55	63	54	56	47	26	24	51	47	69	66	26	19	58	73	47	15	33	66	51	69	51	41	78	57	61	44	67	56	73	48	28	45	77	8	58	81	12	23	50	0	24	38	46	52	49	12	6	12	47	54	35	60	51	9	83	28	54	71	18	43	50	70	65	14	72	39	50	61	24	46	28	69	85	34	22	19
10	58	18	29	61	61	40	37	65	23	27	17	73	58	49	42	11	23	63	49	43	33	51	51	52	47	42	35	54	62	61	21	46	61	58	45	47	21	66	32	63	72	31	25	49	24	0	52	26	30	33	13	21	13	51	63	11	48	36	18	59	37	32	63	17	41	29	66	43	12	59	21	36	38	46	37	45	64	75	48	41	10
42	12	70	61	51	22	90	89	21	67	64	61	32	80	101	84	60	29	27	91	85	49	61	64	29	98	44	79	101	94	36	72	98	25	68	86	14	70	67	37	94	65	26	28	32	38	52	0	78	67	55	41	44	48	22	19	59	54	54	46	107	65	67	55	35	30	82	49	94	41	65	72	51	79	20	83	59	48	70	67	53	42
36	84	9	38	79	86	20	14	90	25	33	25	97	61	23	35	21	49	88	40	34	49	64	63	75	23	61	28	36	58	84	10	20	86	70	37	73	17	80	53	59	88	56	51	72	46	26	78	0	34	47	38	42	34	76	88	22	64	51	38	40	43	37	81	43	64	4	87	20	37	73	8	52	32	70	23	58	85	90	56	56	36
33	68	28	58	49	66	31	48	71	9	55	44	94	86	49	17	37	41	66	23	65	62	81	29	53	40	34	58	36	87	59	24	44	64	37	68	68	17	47	60	88	55	55	40	48	52	30	67	34	0	17	40	50	43	56	70	19	33	21	47	41	65	3	50	37	42	34	58	36	37	40	36	23	12	68	56	75	56	57	77	71	33
31	53	39	62	33	51	47	61	56	23	60	50	84	90	65	32	43	34	50	38	74	62	81	18	37	57	17	67	52	94	42	37	60	48	26	77	58	30	34	56	95	41	48	31	32	49	33	55	47	17	0	38	49	43	40	55	27	17	4	47	57	69	15	35	32	27	48	41	52	36	27	47	7	28	60	66	75	39	44	80	71	31
7	48	30	27	59	53	53	48	56	35	28	21	59	54	61	54	19	13	56	61	47	25	43	55	46	60	42	40	67	62	56	34	58	53	62	49	34	34	67	20	63	72	18	17	44	12	13	41	38	40	38	0	12	8	44	53	23	50	40	10	72	34	42	62	9	37	42	64	56	2	62	32	39	49	32	44	38	62	76	43	33	7
18	53	35	18	70	59	59	48	61	44	21	19	56	43	64	64	21	22	63	70	41	13	32	66	55	64	53	35	74	53	65	40	62	61	74	43	34	42	79	12	53	83	17	26	54	6	21	44	42	50	49	12	0	8	52	59	32	61	52	4	79	24	52	73	19	47	46	74	61	14	74	34	51	59	30	40	26	72	87	31	21	18
13	56	27	19	67	61	51	42	64	36	20	13	63	47	56	55	13	21	64	62	39	20	39	61	54	56	49	32	66	54	64	32	54	62	68	41	40	33	75	20	55	79	22	26	53	12	13	48	34	43	43	8	8	0	52	61	24	57	46	4	71	26	45	70	17	45	38	72	53	9	69	27	46	51	36	36	32	70	83	36	28	13
42	14	67	70	29	11	84	88	16	59	71	65	53	93	98	72	61	31	12	78	91	61	76	44	7	92	26	84	91	104	15	68	94	10	47	93	34	64	45	50	105	43	37	27	10	47	51	22	76	56	40	44	52	52	0	15	54	34	38	52	97	76	55	33	36	13	78	27	88	43	44	72	35	68	39	87	73	26	48	81	67	42
53	6	79	77	40	6	97	100	2	73	80	74	45	98	111	87	72	40	10	93	100	67	79	58	20	106	40	93	106	111	22	81	107	10	61	102	33	77	57	54	111	53	42	37	24	54	63	19	88	70	55	53	59	61	15	0	67	48	52	61	111	82	70	43	46	28	91	35	102	53	57	84	49	83	39	97	77	35	58	85	71	53
19	63	13	39	58	65	31	36	69	12	36	25	82	67	43	31	18	30	66	38	48	44	62	44	54	39	40	40	44	69	62	13	40	64	52	50	56	11	60	43	70	67	41	31	50	35	11	59	22	19	27	23	32	24	54	67	0	43	31	29	49	46	22	60	25	43	24	65	35	22	54	20	32	27	55	39	56	63	70	58	52	19
44	48	56	76	16	43	63	78	48	40	75	65	85	104	82	46	59	42	41	50	91	74	92	10	28	73	10	83	66	110	30	54	77	40	14	93	61	48	18	66	110	24	55	38	24	60	48	54	64	33	17	50	61	57	34	48	43	0	13	60	71	83	31	18	42	23	65	26	69	48	13	64	12	43	65	83	87	24	27	92	82	44
34	51	43	65	29	48	51	65	53	28	64	53	84	93	69	36	47	35	47	41	78	65	84	15	34	61	13	71	56	98	39	41	65	45	22	81	58	35	29	58	99	37	49	32	29	51	36	54	51	21	4	40	52	46	38	52	31	13	0	50	61	72	19	30	34	25	52	37	57	38	23	51	3	32	60	70	78	35	39	82	73	34
16	55	31	18	69	61	55	45	63	41	19	15	59	44	60	60	17	22	64	67	40	15	34	64	55	60	52	33	70	52	65	36	58	62	72	41	37	38	77	16	53	82	20	26	54	9	18	46	38	47	47	10	4	4	52	61	29	60	50	0	75	24	49	73	19	46	42	73	57	12	72	30	49	55	33	38	28	72	86	33	24	16
67	108	44	78	87	107	20	45	112	39	73	65	131	101	32	25	59	79	107	22	71	88	104	64	94	21	74	67	5	94	99	39	28	105	69	73	105	38	80	90	95	90	89	79	89	83	59	107	40	41	57	72	79	71	97	111	49	71	61	75	0	83	42	88	73	83	37	97	22	70	73	48	64	29	104	60	98	94	89	97	96	67
39	76	41	7	93	83	63	42	85	57	11	21	69	21	60	75	28	46	87	81	23	16	22	87	79	65	76	21	79	29	89	47	60	85	94	23	54	52	101	29	29	106	40	50	78	28	37	65	43	65	69	34	24	26	76	82	46	83	72	24	83	0	68	96	43	70	47	97	62	35	95	35	72	71	48	29	16	96	110	13	18	39
35	67	31	61	47	66	33	51	71	12	58	47	95	89	52	17	40	43	65	23	68	65	83	27	52	43	32	61	37	90	58	27	47	63	34	71	69	20	44	61	91	53	56	41	47	54	32	67	37	3	15	42	52	45	55	70	22	31	19	49	42	68	0	48	39	42	37	56	38	39	37	39	22	13	69	59	77	54	54	80	73	35
57	46	73	90	3	38	81	95	43	58	89	80	86	117	99	63	74	52	34	66	106	85	103	24	26	91	21	98	83	124	22	71	95	34	21	108	65	65	14	76	125	10	64	48	24	71	63	55	81	50	35	62	73	70	33	43	60	18	30	73	88	96	48	0	54	28	82	11	86	61	16	81	29	60	70	99	98	9	16	104	93	57
7	41	35	36	51	45	56	54	48	34	37	29	58	63	66	53	26	6	47	60	56	32	50	48	37	63	34	48	68	71	47	37	63	45	55	58	32	36	60	24	71	64	17	9	36	18	17	35	43	37	32	9	19	17	36	46	25	42	34	19	73	43	39	54	0	28	46	55	59	8	55	38	32	48	31	52	45	53	68	51	40	7
33	26	56	64	25	24	71	78	29	46	64	56	62	90	86	59	52	25	24	65	83	58	75	33	11	80	14	76	78	99	20	56	82	22	37	85	38	51	38	48	99	39	36	20	8	43	41	30	64	42	27	37	47	45	13	28	43	23	25	46	83	70	42	28	28	0	67	27	75	36	35	61	22	55	42	78	70	25	44	77	65	33
40	87	12	41	80	89	16	14	93	25	36	29	101	64	20	33	25	52	90	38	37	53	68	63	78	19	63	31	33	60	86	11	17	88	70	39	76	17	80	57	61	88	59	54	74	50	29	82	4	34	48	42	46	38	78	91	24	65	52	42	37	47	37	82	46	67	0	88	16	41	73	12	54	31	74	26	61	86	90	60	60	40
59	38	78	91	10	29	88	101	34	64	91	82	79	117	106	71	78	52	25	75	109	85	101	34	21	98	25	101	92	126	13	77	102	25	32	111	61	71	24	74	126	18	62	47	20	70	66	49	87	58	41	64	74	72	27	35	65	26	37	73	97	97	56	11	55	27	88	0	94	62	27	85	35	69	66	103	97	2	23	104	92	59
52	98	25	57	85	99	6	23	103	30	52	44	115	79	14	28	40	65	100	30	49	68	84	65	86	4	69	45	19	73	94	22	9	97	71	52	90	25	82	72	74	91	73	66	82	65	43	94	20	36	52	56	61	53	88	102	35	69	57	57	22	62	38	86	59	75	16	94	0	54	75	28	59	28	88	38	77	92	92	75	76	52
4	48	29	29	58	53	52	47	56	33	29	21	61	56	60	52	19	13	55	59	48	27	46	53	45	58	40	40	65	63	55	32	57	53	60	50	36	32	66	22	64	70	19	17	43	14	12	41	37	37	36	2	14	9	43	53	22	48	38	12	70	35	39	61	8	36	41	62	54	0	60	31	37	47	34	44	40	61	74	45	35	4
56	58	66	88	18	51	69	87	57	48	87	76	97	116	88	49	70	55	48	51	101	86	105	10	38	79	22	94	69	121	36	63	84	47	5	104	73	56	7	78	122	16	68	50	34	72	59	65	73	40	27	62	74	69	44	57	54	13	23	72	73	95	37	16	55	35	73	27	75	60	0	74	23	47	77	93	100	25	17	105	95	56
31	79	9	29	78	82	28	17	86	27	24	17	89	54	30	41	13	44	84	47	29	41	56	64	72	31	60	22	44	52	81	13	28	82	72	31	66	20	80	46	53	88	49	46	69	39	21	72	8	36	47	32	34	27	72	84	20	64	51	30	48	35	39	81	38	61	12	85	28	31	74	0	52	38	63	19	49	83	91	48	48	31
33	48	45	65	27	45	54	67	50	30	63	53	81	93	71	39	47	33	44	44	79	63	82	16	31	63	10	71	58	98	36	43	67	42	23	81	56	37	29	56	99	36	47	29	26	50	36	51	52	23	7	39	51	46	35	49	32	12	3	49	64	72	22	29	32	22	54	35	59	37	23	52	0	35	58	71	77	33	39	82	72	33
44	80	30	64	59	79	22	45	84	15	60	49	106	91	42	5	43	53	79	12	66	70	88	37	65	32	45	60	23	89	71	25	37	77	43	69	80	19	54	69	90	64	65	52	61	61	38	79	32	12	28	49	59	51	68	83	27	43	32	55	29	71	13	60	48	55	31	69	28	47	47	38	35	0	80	56	82	66	64	83	79	44
37	33	63	45	67	42	86	78	41	66	49	48	27	61	93	84	50	27	46	91	70	32	40	73	45	92	55	64	99	75	54	66	90	45	79	70	6	66	80	20	75	80	15	29	47	24	46	20	70	68	60	32	30	36	39	39	55	65	60	33	104	48	69	70	31	42	74	66	88	34	77	63	58	80	0	70	39	65	86	48	34	37
45	92	28	27	97	96	41	15	99	46	22	23	95	41	32	59	26	57	99	64	11	41	51	83	88	39	78	8	57	35	98	32	33	97	91	13	74	39	100	50	36	107	58	60	86	46	37	83	23	56	66	44	40	36	87	97	39	83	70	38	60	29	59	99	52	78	26	103	38	44	93	19	71	56	70	0	45	101	110	41	46	45
44	70	54	20	95	78	77	58	79	68	25	33	56	22	75	86	40	46	83	93	39	13	7	92	77	80	78	37	93	37	87	60	75	81	100	39	45	63	105	23	37	108	36	51	77	28	45	59	58	75	75	38	26	32	73	77	56	87	78	28	98	16	77	98	45	70	61	97	77	40	100	49	77	82	39	45	0	96	113	9	5	44
57	38	76	89	8	30	86	98	34	62	89	81	79	115	104	69	76	50	25	73	107	83	100	32	20	96	23	100	89	124	13	75	99	25	30	109	60	69	23	73	124	18	61	46	19	69	64	48	85	56	39	62	72	70	26	35	63	24	35	72	94	96	54	9	53	25	86	2	92	61	25	83	33	66	65	101	96	0	23	103	90	57
70	61	83	103	19	53	86	104	57	65	102	92	102	130	106	66	86	67	48	68	118	100	117	28	42	96	34	110	85	137	36	80	101	48	21	120	81	73	10	90	137	5	79	62	39	85	75	70	90	57	44	76	87	83	48	58	70	27	39	86	89	110	54	16	68	44	90	23	92	74	17	91	39	64	86	110	113	23	0	118	107	70
49	79	55	20	101	86	76	55	87	70	24	34	65	13	72	87	41	52	91	94	33	19	11	97	85	78	84	33	93	28	95	60	73	89	104	32	54	65	110	31	28	114	43	57	84	34	48	67	56	77	80	43	31	36	81	85	58	92	82	33	97	13	80	104	51	77	60	104	75	45	105	48	82	83	48	41	9	103	118	0	14	49
40	65	52	19	90	73	76	58	74	64	25	31	52	27	75	83	37	41	77	90	41	9	10	88	72	79	73	38	91	42	82	57	74	75	95	41	40	61	100	18	42	103	30	45	72	22	41	53	56	71	71	33	21	28	67	71	52	82	73	24	96	18	73	93	40	65	60	92	76	35	95	48	72	79	34	46	5	90	107	14	0	40
0	48	28	32	54	51	49	48	55	29	32	23	64	60	59	48	20	13	54	55	50	31	50	48	43	57	36	43	62	67	53	31	56	51	56	52	38	29	62	26	67	66	22	15	41	19	10	42	36	33	31	7	18	13	42	53	19	44	34	16	67	39	35	57	7	33	40	59	52	4	56	31	33	44	37	45	44	57	70	49	40	0



