Number of nodes= 42
Number of caregiver= 10
Number of group=3

Caregiver_cost=
137	161	110	190	155	180	198	108	172	212



Caregiver in group=
Group_1:3	8			
Group_2:1	2	5		
Group_3:4	6	7	9	10
		
		

			
			
skill matrix=
Caregiver1:	0	3	4	6	11	12	13	14	15	16	18	20	21	24	25	26	27	29	30	31	35	36	37	38	39	40	41						
Caregiver2:0	1	2	5	7	8	9	10	11	12	13	15	16	17	18	19	20	22	23	24	25	26	27	28	29	30	32	33	34	35	36	38	39	41
Caregiver3:0	11	12	13	15	16	18	20	24	25	26	27	29	30	35	36	38	39	41				
Caregiver4:0	1	2	5	7	8	9	10	11	12	13	15	16	17	18	19	20	22	23	24	25	26	27	28	29	30	32	33	34	35	36	38	39	41
Caregiver5:0	1	2	3	4	5	6	7	8	9	10	14	17	19	21	22	23	28	31	32	33	34	37	40	41									
Caregiver6:0	1	2	5	7	8	9	10	11	12	13	15	16	17	18	19	20	22	23	24	25	26	27	28	29	30	32	33	34	35	36	38	39	41
Caregiver7:0	3	4	6	11	12	13	14	15	16	18	20	21	24	25	26	27	29	30	31	35	36	37	38	39	40	41							
Caregiver8:0	3	4	6	14	21	31	37	40	41		
Caregiver9:0	3	4	6	11	12	13	14	15	16	18	20	21	24	25	26	27	29	30	31	35	36	37	38	39	40	41							
Caregiver10:0	1	2	3	4	5	6	7	8	9	10	14	17	19	21	22	23	28	31	32	33	34	37	40	41									
																						
	
type of shift per day=2
number of days=7
Number of shitfs=14

Service time of node=
0	23	37	26	42	41	23	29	34	52	31	36	27	53	38	20	55	36	24	60	24	36	38	48	55	21	25	30	50	24	54	47	55	21	57	27	45	31	56	39	20	0


Time window for ptient matrix (day,patient) :first line alfa and second beta
0	609	0	0	780	609	574	0	872	0	0	712	0	0	985	486	0	0	856	0	623	0	0	512	0	0	0	0	0	0	0	0	0	480	0	0	949	0	0	0	497	0
0	639	0	0	1080	717	687	0	987	0	0	742	0	0	1049	570	0	0	939	0	653	0	0	542	0	0	0	0	0	0	0	0	0	780	0	0	979	0	0	0	527	0
0	0	780	0	0	780	0	0	0	849	0	0	588	713	484	950	480	0	1013	780	0	693	0	0	629	614	0	0	659	0	0	725	634	480	1029	0	533	480	935	0	0	0
0	0	1080	0	0	870	0	0	0	921	0	0	618	743	591	1061	780	0	1043	862	0	780	0	0	733	700	0	0	689	0	0	755	664	780	1059	0	601	780	1016	0	0	0
0	0	584	0	607	0	0	0	0	0	0	0	0	694	0	0	935	0	657	0	0	0	653	855	0	0	860	0	0	0	838	0	1007	0	0	623	959	0	0	0	780	0
0	0	691	0	637	0	0	0	0	0	0	0	0	768	0	0	965	0	753	0	0	0	761	958	0	0	936	0	0	0	900	0	1037	0	0	685	1050	0	0	0	1080	0
0	0	0	0	0	0	802	0	568	0	559	953	480	0	0	0	578	692	0	864	893	0	879	480	807	846	780	0	483	994	0	0	0	515	810	0	0	0	505	980	780	0
0	0	0	0	0	0	832	0	598	0	657	983	780	0	0	0	608	722	0	973	923	0	948	780	924	906	887	0	591	1024	0	0	0	603	924	0	0	0	600	1010	1080	0
0	0	0	780	525	505	0	594	646	0	982	509	0	0	0	0	780	526	0	867	0	789	503	814	0	580	0	695	0	0	0	600	0	0	0	812	0	832	0	922	0	0
0	0	0	1080	639	600	0	675	741	0	1071	539	0	0	0	0	1080	621	0	975	0	862	599	874	0	610	0	725	0	0	0	710	0	0	0	930	0	941	0	1019	0	0
0	701	0	480	0	0	0	920	0	596	0	0	0	0	0	0	0	0	0	0	0	551	0	0	978	0	991	841	675	480	0	0	0	0	0	0	0	0	0	0	0	0
0	731	0	780	0	0	0	950	0	626	0	0	0	0	0	0	0	0	0	0	0	625	0	0	1068	0	1080	871	705	780	0	0	0	0	0	0	0	0	0	0	0	0
0	0	0	986	780	0	0	0	0	0	0	992	732	0	0	0	0	946	0	480	0	0	0	0	0	939	634	0	0	1021	821	0	0	0	0	0	0	0	0	0	668	0
0	0	0	1016	1080	0	0	0	0	0	0	1080	762	0	0	0	0	1064	0	549	0	0	0	0	0	1032	735	0	0	1051	851	0	0	0	0	0	0	0	0	0	780	0


CII matrix(caregiver, patient)
0	0	0	4	7	0	3	0	0	0	0	4	4	3	5	5	4	0	7	0	3	5	0	0	5	7	7	3	0	7	4	4	0	0	0	4	5	4	4	4	4	0
0	3	4	0	0	4	0	5	3	3	4	5	5	5	0	3	3	7	4	5	5	0	5	3	4	6	7	7	7	7	5	0	4	7	4	4	4	0	4	5	0	0
0	0	0	0	0	0	0	0	0	0	0	7	9	7	0	10	9	0	7	0	6	0	0	0	10	6	8	10	0	10	7	0	0	0	0	6	7	0	8	8	0	0
0	1	2	0	0	5	0	1	4	3	5	4	3	5	0	5	5	2	1	1	2	0	2	4	4	2	1	4	4	3	5	0	3	3	2	1	1	0	4	2	0	0
0	7	5	3	7	4	6	5	7	3	7	0	0	0	4	0	0	4	0	6	0	6	3	4	0	0	0	0	3	0	0	6	5	4	6	0	0	4	0	0	6	0
0	3	4	0	0	3	0	2	5	4	3	4	1	2	0	1	5	4	1	4	2	0	1	1	5	5	2	5	3	3	2	0	3	1	2	2	1	0	1	3	0	0
0	0	0	2	3	0	3	0	0	0	0	1	3	1	3	2	2	0	1	0	5	1	0	0	3	2	1	5	0	4	4	5	0	0	0	4	2	3	4	5	2	0
0	0	0	8	8	0	7	0	0	0	0	0	0	0	7	0	0	0	0	0	0	6	0	0	0	0	0	0	0	0	0	10	0	0	0	0	0	10	0	0	7	0
0	0	0	3	3	0	5	0	0	0	0	1	5	2	1	3	5	0	4	0	4	1	0	0	4	4	4	5	0	2	2	2	0	0	0	2	5	5	5	4	3	0
0	1	3	5	1	2	3	4	5	3	4	0	0	0	3	0	0	1	0	5	0	3	5	3	0	0	0	0	5	0	0	5	2	5	2	0	0	3	0	0	4	0



travel time=
0	56	53	55	34	49	40	23	67	23	27	40	61	22	34	65	25	32	20	52	19	75	42	64	52	33	30	62	47	54	55	58	48	33	52	55	26	54	65	38	48	0
56	0	85	58	22	103	95	78	13	76	69	34	71	35	89	121	63	27	48	39	71	131	87	87	82	42	72	79	86	110	92	6	96	30	93	103	31	80	87	80	95	56
53	85	0	37	72	77	70	61	98	66	78	52	29	61	67	76	28	60	42	100	65	83	88	117	103	84	80	20	95	60	104	83	89	56	13	94	67	107	16	18	90	53
55	58	37	0	53	97	88	74	70	77	82	26	13	48	84	104	36	40	36	85	73	113	97	117	105	74	85	23	102	89	110	53	102	35	49	108	53	107	31	43	103	55
34	22	72	53	0	81	72	56	32	54	47	27	64	13	67	99	46	13	31	32	48	109	66	71	63	25	50	70	65	89	72	25	74	18	76	82	9	63	77	62	74	34
49	103	77	97	81	0	9	26	112	27	39	88	98	70	15	24	61	81	66	87	33	33	28	64	51	68	38	94	38	28	43	106	21	82	68	21	72	57	93	60	23	49
40	95	70	88	72	9	0	17	103	19	32	79	90	61	5	29	52	71	57	80	24	39	26	62	49	60	31	86	36	28	43	97	22	72	62	24	64	54	86	53	24	40
23	78	61	74	56	26	17	0	87	6	22	62	77	44	11	44	39	55	41	66	9	54	26	59	45	46	23	75	35	37	43	80	29	56	56	34	47	49	76	44	29	23
67	13	98	70	32	112	103	87	0	85	75	47	83	45	98	131	76	40	61	37	79	141	93	88	85	47	78	92	90	121	96	17	103	43	105	110	41	82	100	92	101	67
23	76	66	77	54	27	19	6	85	0	16	63	81	43	13	47	43	54	43	62	5	57	22	53	39	42	17	79	29	42	38	79	25	56	61	32	45	43	81	49	26	23
27	69	78	82	47	39	32	22	75	16	0	63	88	39	28	62	51	51	46	48	14	71	18	39	25	29	3	88	20	58	29	73	27	55	74	35	39	29	91	61	26	27
40	34	52	26	27	88	79	62	47	63	63	0	38	25	73	100	34	15	22	59	58	110	81	95	85	49	67	46	83	87	91	31	88	10	60	95	29	85	53	49	88	40
61	71	29	13	64	98	90	77	83	81	88	38	0	58	86	102	38	51	42	96	78	110	102	124	112	83	91	11	107	86	116	66	106	46	42	111	64	114	19	40	106	61
22	35	61	48	13	70	61	44	45	43	39	25	58	0	55	86	34	12	19	40	38	96	57	69	60	25	43	62	59	76	67	36	65	16	64	73	7	60	68	50	65	22
34	89	67	84	67	15	5	11	98	13	28	73	86	55	0	34	48	66	52	75	19	44	24	60	46	55	27	83	34	31	42	91	22	67	60	26	58	51	83	50	24	34
65	121	76	104	99	24	29	44	131	47	62	100	102	86	34	0	69	96	78	109	52	10	53	87	75	89	61	95	62	16	67	123	45	96	64	42	90	81	93	62	47	65
25	63	28	36	46	61	52	39	76	43	51	34	38	34	48	69	0	36	15	73	40	78	64	90	77	55	54	37	70	54	79	62	68	33	31	73	40	80	39	17	68	25
32	27	60	40	13	81	71	55	40	54	51	15	51	12	66	96	36	0	21	45	49	106	69	80	71	35	55	58	71	84	79	27	77	5	66	84	14	71	64	53	77	32
20	48	42	36	31	66	57	41	61	43	46	22	42	19	52	78	15	21	0	59	38	88	62	82	70	43	49	45	66	65	75	48	68	19	46	74	26	72	50	32	68	20
52	39	100	85	32	87	80	66	37	62	48	59	96	40	75	109	73	45	59	0	57	119	63	51	49	20	49	102	57	103	61	45	73	50	103	79	33	46	107	88	71	52
19	71	65	73	48	33	24	9	79	5	14	58	78	38	19	52	40	49	38	57	0	62	24	52	39	37	16	77	31	46	39	74	29	51	61	36	40	43	79	48	30	19
75	131	83	113	109	33	39	54	141	57	71	110	110	96	44	10	78	106	88	119	62	0	61	95	83	99	70	103	70	24	74	133	53	106	71	49	100	89	100	70	55	75
42	87	88	97	66	28	26	26	93	22	18	81	102	57	24	53	64	69	62	63	24	61	0	36	23	46	15	101	10	54	17	91	10	72	82	17	58	28	102	70	9	42
64	87	117	117	71	64	62	59	88	53	39	95	124	69	60	87	90	80	82	51	52	95	36	0	14	47	37	126	26	89	21	93	43	85	113	46	66	10	129	100	40	64
52	82	103	105	63	51	49	45	85	39	25	85	112	60	46	75	77	71	70	49	39	83	23	14	0	39	23	113	13	76	12	87	31	75	100	36	57	6	116	87	29	52
33	42	84	74	25	68	60	46	47	42	29	49	83	25	55	89	55	35	43	20	37	99	46	47	39	0	32	87	44	83	49	47	56	40	85	63	21	38	92	70	55	33
30	72	80	85	50	38	31	23	78	17	3	67	91	43	27	61	54	55	49	49	16	70	15	37	23	32	0	91	17	58	26	76	25	58	76	32	43	27	93	63	23	30
62	79	20	23	70	94	86	75	92	79	88	46	11	62	83	95	37	58	45	102	77	103	101	126	113	87	91	0	107	79	116	75	104	52	33	109	68	116	8	34	104	62
47	86	95	102	65	38	36	35	90	29	20	83	107	59	34	62	70	71	66	57	31	70	10	26	13	44	17	107	0	64	9	90	18	74	90	23	58	19	109	78	16	47
54	110	60	89	89	28	28	37	121	42	58	87	86	76	31	16	54	84	65	103	46	24	54	89	76	83	58	79	64	0	70	111	48	83	48	48	80	82	76	46	50	54
55	92	104	110	72	43	43	43	96	38	29	91	116	67	42	67	79	79	75	61	39	74	17	21	12	49	26	116	9	70	0	97	22	82	99	25	65	17	118	87	20	55
58	6	83	53	25	106	97	80	17	79	73	31	66	36	91	123	62	27	48	45	74	133	91	93	87	47	76	75	90	111	97	0	100	29	91	107	34	85	83	78	99	58
48	96	89	102	74	21	22	29	103	25	27	88	106	65	22	45	68	77	68	73	29	53	10	43	31	56	25	104	18	48	22	100	0	80	82	7	66	37	104	72	2	48
33	30	56	35	18	82	72	56	43	56	55	10	46	16	67	96	33	5	19	50	51	106	72	85	75	40	58	52	74	83	82	29	80	0	62	87	19	76	59	49	79	33
52	93	13	49	76	68	62	56	105	61	74	60	42	64	60	64	31	66	46	103	61	71	82	113	100	85	76	33	90	48	99	91	82	62	0	86	71	103	29	15	83	52
55	103	94	108	82	21	24	34	110	32	35	95	111	73	26	42	73	84	74	79	36	49	17	46	36	63	32	109	23	48	25	107	7	87	86	0	74	41	109	76	9	55
26	31	67	53	9	72	64	47	41	45	39	29	64	7	58	90	40	14	26	33	40	100	58	66	57	21	43	68	58	80	65	34	66	19	71	74	0	57	74	57	66	26
54	80	107	107	63	57	54	49	82	43	29	85	114	60	51	81	80	71	72	46	43	89	28	10	6	38	27	116	19	82	17	85	37	76	103	41	57	0	119	90	34	54
65	87	16	31	77	93	86	76	100	81	91	53	19	68	83	93	39	64	50	107	79	100	102	129	116	92	93	8	109	76	118	83	104	59	29	109	74	119	0	33	105	65
38	80	18	43	62	60	53	44	92	49	61	49	40	50	50	62	17	53	32	88	48	70	70	100	87	70	63	34	78	46	87	78	72	49	15	76	57	90	33	0	73	38
48	95	90	103	74	23	24	29	101	26	26	88	106	65	24	47	68	77	68	71	30	55	9	40	29	55	23	104	16	50	20	99	2	79	83	9	66	34	105	73	0	48
0	56	53	55	34	49	40	23	67	23	27	40	61	22	34	65	25	32	20	52	19	75	42	64	52	33	30	62	47	54	55	58	48	33	52	55	26	54	65	38	48	0
