Number of nodes= 82
Number of caregiver= 16
Number of group=3

Caregiver_cost=
129	123	103	140	182	133	136	100	118	115	137	149	157	162	186	129


Caregiver in group=
Group_1:1	2	3	8	9	10	16
Group_2:4	6	7	11	12	13	14
Group_3:5	15					
			
			

skill matrix=	
Caregiver1:0	2	4	6	7	9	10	11	12	13	14	17	20	21	22	25	26	31	33	34	38	42	45	47	54	57	58	62	64	66	68	70	72	78	81							Caregiver2:0	2	4	6	7	9	10	11	12	13	14	17	20	21	22	25	26	31	33	34	38	42	45	47	54	57	58	62	64	66	68	70	72	78	81							Caregiver3:0	5	15	16	23	27	29	32	41	43	49	50	61	63	65	69	71	75	76	79	80	81												
Caregiver4:0	2	4	5	6	7	9	10	11	12	13	14	15	16	17	20	21	22	23	25	26	27	29	31	32	33	34	38	41	42	43	45	47	49	50	54	57	58	61	62	63	64	65	66	68	69	70	71	72	75	76	78	79	80	81							
Caregiver5:0	2	4	5	6	7	9	10	11	12	13	14	15	16	17	20	21	22	23	25	26	27	29	31	32	33	34	38	41	42	43	45	47	49	50	54	57	58	61	62	63	64	65	66	68	69	70	71	72	75	76	78	79	80	81							
Caregiver6:0	1	2	3	4	6	7	8	9	10	11	12	13	14	17	18	19	20	21	22	24	25	26	28	30	31	33	34	35	36	37	38	39	40	42	44	45	46	47	48	51	52	53	54	55	56	57	58	59	60	62	64	66	67	68	70	72	73	74	77	78	81
Caregiver7:0	1	3	5	8	15	16	18	19	23	24	27	28	29	30	32	35	36	37	39	40	41	43	44	46	48	49	50	51	52	53	55	56	59	60	61	63	65	67	69	71	73	74	75	76	77	79	80								
Caregiver8:0	2	4	6	7	9	10	11	12	13	14	17	20	21	22	25	26	31	33	34	38	42	45	47	54	57	58	62	64	66	68	70	72	78	81							
Caregiver9:0	5	15	16	23	27	29	32	41	43	49	50	61	63	65	69	71	75	76	79	80	81												
Caregiver10:0	1	3	8	18	19	24	28	30	35	36	37	39	40	44	46	48	51	52	53	55	56	59	60	67	73	74	81						
Caregiver11:0	1	3	5	8	15	16	18	19	23	24	27	28	29	30	32	35	36	37	39	40	41	43	44	46	48	49	50	51	52	53	55	56	59	60	61	63	65	67	69	71	73	74	75	76	77	79	80	81							
Caregiver12:0	2	4	5	6	7	9	10	11	12	13	14	15	16	17	20	21	22	23	25	26	27	29	31	32	33	34	38	41	42	43	45	47	49	50	54	57	58	61	62	63	64	65	66	68	69	70	71	72	75	76	78	79	80	81							
Caregiver13:0	2	4	5	6	7	9	10	11	12	13	14	15	16	17	20	21	22	23	25	26	27	29	31	32	33	34	38	41	42	43	45	47	49	50	54	57	58	61	62	63	64	65	66	68	69	70	71	72	75	76	78	79	80	81							
Caregiver14:0	2	4	5	6	7	9	10	11	12	13	14	15	16	17	20	21	22	23	25	26	27	29	31	32	33	34	38	41	42	43	45	47	49	50	54	57	58	61	62	63	64	65	66	68	69	70	71	72	75	76	78	79	80	81							
Caregiver15:0	1	3	5	8	15	16	18	19	23	24	27	28	29	30	32	35	36	37	39	40	41	43	44	46	48	49	50	51	52	53	55	56	59	60	61	63	65	67	69	71	73	74	75	76	77	79	80	81							
Caregiver16:0	5	15	16	23	27	29	32	41	43	49	50	61	63	65	69	71	75	76	79	80	81																				type of shift per day=2
number of days=7
Number of shitfs=14

Service time of node=
0	24	55	45	40	37	41	45	60	39	25	33	51	24	27	51	53	35	57	33	43	24	43	43	25	38	48	42	31	44	20	25	48	55	23	51	26	44	31	31	56	20	55	24	53	35	50	52	21	58	30	43	27	45	57	45	51	21	60	28	34	26	45	40	25	27	59	45	56	57	37	55	37	22	37	55	54	24	27	20	32	0

Time window for ptient matrix (patient,shift) :first line alfa and second beta
0	994	0	780	480	0	0	0	0	0	802	1002	0	846	0	897	914	1013	0	0	780	0	0	480	0	0	878	705	0	578	905	1011	961	0	668	0	0	500	0	0	0	480	614	0	0	0	801	480	0	0	0	984	896	0	0	0	1029	0	480	824	0	658	530	0	511	0	0	0	0	0	0	695	615	0	780	548	921	0	954	0	0	0
0	1080	0	1080	780	0	0	0	0	0	921	1075	0	925	0	1011	944	1043	0	0	1080	0	0	780	0	0	971	772	0	608	1009	1041	1074	0	698	0	0	606	0	0	0	780	722	0	0	0	831	780	0	0	0	1050	926	0	0	0	1059	0	780	854	0	688	612	0	581	0	0	0	0	0	0	780	645	0	1080	578	1006	0	1022	0	0	0
0	0	0	0	728	0	0	819	0	956	780	0	480	0	0	697	0	0	727	0	0	0	814	945	520	828	821	780	0	0	965	0	0	927	0	559	0	780	780	600	489	955	0	0	998	480	0	780	0	0	0	0	0	519	983	0	0	0	962	0	701	0	0	0	0	819	0	0	0	605	0	967	0	846	780	0	845	949	569	0	480	0
0	0	0	0	758	0	0	849	0	1021	1080	0	588	0	0	775	0	0	757	0	0	0	894	1011	550	933	934	1080	0	0	1062	0	0	957	0	626	0	1080	1080	710	600	1067	0	0	1062	780	0	1080	0	0	0	0	0	582	1076	0	0	0	992	0	780	0	0	0	0	899	0	0	0	635	0	1080	0	876	1080	0	875	979	599	0	780	0
0	0	0	0	0	781	480	0	0	0	0	0	480	0	0	628	0	0	0	516	0	0	0	0	0	0	0	0	0	0	630	0	0	0	780	856	548	788	0	0	0	0	643	0	0	0	0	480	0	780	780	799	0	0	856	0	0	954	0	0	527	780	0	894	0	480	617	523	503	0	0	632	0	0	0	0	546	865	0	559	0	0
0	0	0	0	0	846	780	0	0	0	0	0	780	0	0	714	0	0	0	546	0	0	0	0	0	0	0	0	0	0	692	0	0	0	1080	971	619	854	0	0	0	0	673	0	0	0	0	780	0	1080	1080	863	0	0	916	0	0	984	0	0	557	1080	0	978	0	780	689	613	564	0	0	745	0	0	0	0	576	949	0	677	0	0
0	0	904	480	0	0	589	862	0	780	595	525	0	780	0	0	0	0	780	987	0	889	0	0	0	780	690	780	0	0	0	0	903	0	0	0	0	843	850	0	780	826	480	688	839	0	0	0	916	0	894	480	0	995	0	780	0	0	0	509	958	0	730	780	0	0	0	0	480	0	0	0	488	0	480	602	0	0	893	0	0	0
0	0	1002	780	0	0	706	945	0	892	676	613	0	1080	0	0	0	0	1080	1068	0	991	0	0	0	1080	780	1080	0	0	0	0	933	0	0	0	0	925	970	0	1080	916	780	718	917	0	0	0	1010	0	924	780	0	1025	0	1080	0	0	0	623	1070	0	760	1080	0	0	0	0	597	0	0	0	555	0	780	662	0	0	923	0	0	0
0	484	0	0	672	883	552	0	0	0	0	480	1028	0	780	617	623	690	0	0	0	0	0	0	0	0	0	0	787	661	859	789	1020	831	0	876	519	0	641	904	0	0	920	0	0	480	0	0	0	829	0	0	0	0	0	0	575	0	0	0	0	0	909	0	780	0	966	924	0	0	0	0	0	0	564	0	0	0	0	780	0	0
0	557	0	0	750	999	582	0	0	0	0	780	1058	0	1080	647	702	760	0	0	0	0	0	0	0	0	0	0	883	772	963	870	1050	942	0	978	549	0	671	934	0	0	999	0	0	780	0	0	0	923	0	0	0	0	0	0	644	0	0	0	0	0	1008	0	1080	0	1044	1013	0	0	0	0	0	0	628	0	0	0	0	1080	0	0
0	0	480	780	873	480	0	0	780	0	0	0	0	0	822	0	518	0	609	0	655	555	974	0	0	0	480	814	859	0	0	0	780	0	934	0	916	0	0	0	0	597	0	837	938	0	715	847	918	0	0	0	480	534	941	658	0	532	780	0	0	987	918	0	780	811	0	0	0	890	981	795	987	868	0	0	0	0	0	480	908	0
0	0	780	1080	903	780	0	0	1080	0	0	0	0	0	887	0	622	0	639	0	752	585	1052	0	0	0	780	844	924	0	0	0	883	0	964	0	1017	0	0	0	0	627	0	867	968	0	745	929	984	0	0	0	577	624	971	766	0	562	1080	0	0	1080	1007	0	1080	878	0	0	0	920	1011	913	1080	898	0	0	0	0	0	780	938	0
0	0	0	0	0	876	523	0	780	870	894	0	0	618	0	0	616	0	0	694	0	0	0	0	982	968	0	0	0	521	0	0	0	0	0	0	0	0	524	496	587	0	0	0	985	0	480	0	0	538	0	1009	0	803	0	0	0	639	0	0	0	855	0	780	0	783	0	0	0	0	480	0	635	0	0	0	0	0	865	570	0	0
0	0	0	0	0	906	553	0	1080	961	970	0	0	701	0	0	734	0	0	724	0	0	0	0	1072	1076	0	0	0	635	0	0	0	0	0	0	0	0	554	526	670	0	0	0	1080	0	780	0	0	568	0	1078	0	833	0	0	0	729	0	0	0	973	0	1080	0	844	0	0	0	0	582	0	665	0	0	0	0	0	895	600	0	0


CII matrix(caregiver, patient)
0	0	8	0	6	0	10	6	0	6	9	8	9	8	10	0	0	7	0	0	8	8	8	0	0	10	7	0	0	0	0	10	0	9	10	0	0	0	9	0	0	0	6	0	0	7	0	7	0	0	0	0	0	0	8	0	0	10	9	0	0	0	10	0	6	0	8	0	6	0	9	0	7	0	0	0	0	0	6	0	0	0
0	0	10	0	6	0	9	7	0	10	8	10	8	9	7	0	0	9	0	0	9	9	9	0	0	7	6	0	0	0	0	7	0	10	9	0	0	0	7	0	0	0	10	0	0	9	0	7	0	0	0	0	0	0	7	0	0	10	10	0	0	0	9	0	8	0	8	0	9	0	6	0	6	0	0	0	0	0	6	0	0	0
0	0	0	0	0	7	0	0	0	0	0	0	0	0	0	6	8	0	0	0	0	0	0	7	0	0	0	8	0	10	0	0	7	0	0	0	0	0	0	0	0	10	0	7	0	0	0	0	0	10	8	0	0	0	0	0	0	0	0	0	0	7	0	9	0	7	0	0	0	10	0	7	0	0	0	10	10	0	0	6	8	0
0	0	6	0	5	7	6	3	0	5	3	4	7	6	5	5	6	6	0	0	3	6	5	7	0	3	4	4	0	5	0	6	7	4	7	0	0	0	7	0	0	4	5	5	0	4	0	4	0	5	3	0	0	0	6	0	0	7	7	0	0	5	4	7	4	7	4	0	7	6	3	6	4	0	0	6	4	0	7	4	4	0
0	0	5	0	1	5	2	5	0	3	4	5	4	3	3	3	3	4	0	0	1	2	1	5	0	4	5	4	0	3	0	5	2	4	5	0	0	0	5	0	0	3	5	1	0	2	0	5	0	4	3	0	0	0	3	0	0	3	5	0	0	2	4	4	1	5	3	0	5	1	1	5	5	0	0	3	1	0	2	4	3	0
0	5	6	6	4	0	7	3	3	7	7	5	5	3	3	0	0	5	6	3	7	4	4	0	3	7	6	0	3	0	6	4	0	5	7	7	4	7	5	5	4	0	6	0	3	7	3	5	5	0	0	5	7	3	4	7	7	7	5	3	4	0	3	0	6	0	5	5	6	0	5	0	6	4	6	0	0	5	3	0	0	0
0	7	0	4	0	6	0	0	3	0	0	0	0	0	0	5	6	0	3	4	0	0	0	4	6	0	0	3	4	5	3	0	6	0	0	7	4	3	0	4	3	4	0	5	7	0	3	0	4	7	6	7	5	3	0	7	6	0	0	4	5	5	0	4	0	5	0	3	0	5	0	5	0	7	7	6	4	4	0	5	7	0
0	0	6	0	10	0	10	10	0	10	8	8	7	7	10	0	0	7	0	0	10	9	9	0	0	6	7	0	0	0	0	8	0	10	10	0	0	0	8	0	0	0	8	0	0	10	0	8	0	0	0	0	0	0	8	0	0	8	7	0	0	0	7	0	6	0	8	0	8	0	10	0	9	0	0	0	0	0	7	0	0	0
0	0	0	0	0	10	0	0	0	0	0	0	0	0	0	6	7	0	0	0	0	0	0	10	0	0	0	10	0	10	0	0	9	0	0	0	0	0	0	0	0	9	0	7	0	0	0	0	0	7	8	0	0	0	0	0	0	0	0	0	0	7	0	9	0	6	0	0	0	9	0	7	0	0	0	7	7	0	0	6	6	0
0	6	0	9	0	0	0	0	6	0	0	0	0	0	0	0	0	0	10	8	0	0	0	0	8	0	0	0	9	0	9	0	0	0	0	7	7	10	0	8	6	0	0	0	9	0	9	0	7	0	0	6	8	9	0	9	8	0	0	10	9	0	0	0	0	0	0	7	0	0	0	0	0	9	8	0	0	9	0	0	0	0
0	3	0	4	0	3	0	0	4	0	0	0	0	0	0	6	6	0	4	7	0	0	0	6	3	0	0	4	6	7	6	0	3	0	0	6	5	7	0	5	3	5	0	4	3	0	7	0	7	6	5	7	5	4	0	4	7	0	0	7	6	6	0	3	0	6	0	4	0	6	0	5	0	6	3	3	4	5	0	3	3	0
0	0	5	0	7	7	4	7	0	6	3	4	5	3	6	3	7	7	0	0	5	7	6	5	0	5	3	3	0	7	0	6	3	6	5	0	0	0	5	0	0	3	6	3	0	4	0	5	0	4	5	0	0	0	6	0	0	3	3	0	0	5	5	5	4	5	3	0	4	6	7	4	3	0	0	3	5	0	7	3	3	0
0	0	4	0	3	7	4	7	0	5	4	3	3	6	7	5	3	5	0	0	4	4	4	5	0	5	3	7	0	7	0	6	3	6	3	0	0	0	4	0	0	6	6	6	0	6	0	3	0	7	3	0	0	0	6	0	0	3	6	0	0	3	5	3	6	5	3	0	5	3	3	7	4	0	0	4	7	0	5	3	3	0
0	0	5	0	5	3	6	7	0	3	5	4	7	7	4	5	4	3	0	0	6	4	4	5	0	6	3	5	0	5	0	4	4	5	3	0	0	0	3	0	0	4	5	3	0	5	0	7	0	3	4	0	0	0	6	0	0	7	7	0	0	4	6	5	7	4	5	0	4	6	4	7	4	0	0	7	6	0	7	7	5	0
0	4	0	1	0	4	0	0	5	0	0	0	0	0	0	3	3	0	4	5	0	0	0	3	4	0	0	1	5	2	1	0	5	0	0	3	4	5	0	5	4	3	0	5	1	0	2	0	2	5	3	3	5	3	0	5	2	0	0	1	4	5	0	3	0	3	0	4	0	5	0	3	0	3	5	1	2	2	0	1	4	0
0	0	0	0	0	9	0	0	0	0	0	0	0	0	0	6	8	0	0	0	0	0	0	9	0	0	0	8	0	6	0	0	7	0	0	0	0	0	0	0	0	10	0	9	0	0	0	0	0	6	6	0	0	0	0	0	0	0	0	0	0	6	0	10	0	7	0	0	0	9	0	9	0	0	0	10	6	0	0	6	10	0


travel time=
0	10	21	3	19	25	35	34	7	22	17	35	11	8	12	8	14	16	5	36	21	34	13	15	25	32	2	10	36	4	14	7	37	6	6	18	18	17	26	15	17	16	13	19	11	26	35	12	32	4	10	30	34	9	19	9	14	5	33	9	19	20	11	8	20	22	7	6	29	19	8	12	6	12	21	18	13	7	9	2	4	0
10	0	23	11	17	17	32	28	14	15	14	25	15	2	4	3	12	10	12	30	25	28	21	6	22	26	11	20	31	7	17	9	31	6	6	22	13	7	16	9	8	14	7	18	5	21	28	22	28	14	14	21	27	3	10	5	4	7	27	19	15	28	19	12	16	13	14	14	21	11	2	8	6	11	18	9	12	6	16	12	9	10
21	23	0	18	39	25	19	23	15	20	12	37	32	24	20	20	34	33	16	28	5	23	33	28	13	22	21	25	25	19	35	16	26	19	25	39	36	27	31	17	31	36	30	40	19	19	30	22	19	22	31	39	28	20	31	19	27	19	22	24	15	37	14	29	39	35	27	17	27	23	24	16	19	32	11	22	12	26	14	22	17	21
3	11	18	0	22	25	33	32	4	21	15	35	14	10	12	8	17	18	2	35	18	32	15	16	23	30	3	10	34	4	17	5	35	6	8	21	20	18	26	14	19	19	16	22	11	25	34	11	30	4	13	32	33	10	21	9	15	5	31	9	18	21	8	11	23	24	9	3	29	19	10	11	6	15	19	18	11	9	6	4	3	3
19	17	39	22	0	31	48	44	26	31	30	35	10	15	21	19	5	8	24	45	39	44	18	14	39	42	19	23	46	19	9	23	46	20	14	12	4	19	27	26	13	3	10	2	21	37	42	28	44	20	11	25	41	20	17	21	15	20	43	24	31	24	29	12	5	17	16	25	35	25	15	24	20	7	35	24	28	13	28	19	22	19
25	17	25	25	31	0	22	15	26	5	13	12	31	19	13	17	27	23	24	14	30	15	37	16	15	13	26	35	17	21	33	20	16	19	23	38	26	12	7	11	17	28	21	33	14	9	11	36	17	29	30	16	11	16	15	16	15	20	14	34	10	45	29	28	27	17	30	27	4	6	19	14	19	27	14	7	16	22	28	27	22	25
35	32	19	33	48	22	0	9	31	18	19	30	45	34	27	30	44	41	31	13	24	9	48	35	10	10	36	42	9	32	47	28	11	30	36	53	45	31	29	23	37	46	38	50	27	12	18	40	5	37	44	37	16	29	35	28	33	31	8	41	17	54	32	42	46	38	41	33	20	25	34	24	30	43	14	25	22	37	31	37	31	35
34	28	23	32	44	15	9	0	32	13	18	22	43	31	24	27	40	37	31	4	29	0	47	30	11	2	35	43	2	30	45	28	3	28	34	50	40	26	21	20	31	42	34	46	24	8	9	42	6	37	42	29	7	26	29	25	29	29	2	42	15	54	34	40	42	31	40	34	12	19	31	22	28	39	14	20	21	34	33	36	30	34
7	14	15	4	26	26	31	32	0	22	14	37	18	13	14	11	21	22	2	35	14	32	18	20	22	30	7	11	34	8	20	6	35	9	12	24	24	21	28	15	22	23	19	26	13	25	35	10	29	7	16	34	33	12	24	11	19	8	30	10	18	23	4	15	27	27	12	2	29	21	13	12	9	19	18	20	11	13	2	8	5	7
22	15	20	21	31	5	18	13	22	0	8	18	30	18	11	15	27	24	20	15	24	13	35	17	10	11	23	31	15	18	32	16	15	16	21	37	27	13	12	7	19	29	21	33	11	6	13	32	14	25	29	20	12	13	17	13	16	17	12	31	4	42	25	27	29	19	28	23	8	6	18	10	16	26	9	7	11	21	23	24	18	22
17	14	12	15	30	13	19	18	14	8	0	26	26	15	9	11	26	24	13	21	16	18	30	18	9	16	18	25	20	13	29	10	20	11	18	34	27	16	19	5	20	27	21	32	9	10	21	24	15	19	25	27	19	11	20	9	16	12	16	24	4	36	17	23	29	23	23	16	16	11	15	6	11	24	4	10	3	18	16	19	12	17
35	25	37	35	35	12	30	22	37	18	26	0	38	28	24	27	33	28	35	19	42	22	46	23	26	20	36	45	23	31	40	31	21	29	32	45	30	19	9	22	22	34	27	37	25	20	13	47	26	39	38	11	15	26	19	26	22	31	22	44	22	53	41	36	31	18	39	38	11	16	28	25	29	33	26	18	28	31	39	37	32	35
11	15	32	14	10	31	45	43	18	30	26	38	0	12	19	15	7	12	17	44	32	43	8	16	35	40	11	13	45	13	2	17	45	15	9	8	11	20	29	23	16	8	12	9	19	35	42	19	42	12	2	31	42	16	20	17	16	15	42	14	28	16	21	3	13	22	6	16	36	25	12	21	15	5	31	24	23	9	19	10	15	11
8	2	24	10	15	19	34	31	13	18	15	28	12	0	7	4	11	9	11	32	25	31	18	7	24	28	9	18	33	6	14	9	33	5	4	20	12	9	19	11	9	12	6	17	7	23	30	20	30	12	11	22	29	4	11	6	6	6	29	17	17	26	18	9	15	14	12	13	23	13	0	9	5	9	20	12	13	3	15	10	8	8
12	4	20	12	21	13	27	24	14	11	9	24	19	7	0	4	17	14	12	26	23	24	24	9	18	22	13	22	26	8	21	8	26	5	10	26	18	8	15	4	11	18	11	23	1	16	24	23	23	15	18	21	23	2	11	2	7	7	23	21	10	31	18	16	20	15	17	15	18	8	7	4	5	15	14	6	8	10	16	14	9	12
8	3	20	8	19	17	30	27	11	15	11	27	15	4	4	0	15	13	9	29	22	27	20	9	20	25	9	18	30	4	17	6	30	2	7	23	16	10	18	8	11	16	10	20	3	20	28	20	26	12	14	24	27	2	13	2	8	3	26	17	13	27	15	12	19	16	13	11	22	12	4	6	2	13	16	10	9	7	13	10	6	8
14	12	34	17	5	27	44	40	21	27	26	33	7	11	17	15	0	5	19	41	35	40	15	11	34	38	15	20	43	15	7	19	43	16	9	12	4	16	25	21	11	2	7	6	17	33	39	24	40	16	8	25	38	15	15	17	12	16	40	20	27	22	25	8	7	16	12	20	32	22	11	20	16	2	30	21	23	9	23	14	17	14
16	10	33	18	8	23	41	37	22	24	24	28	12	9	14	13	5	0	20	37	35	37	20	7	32	34	17	23	39	15	12	18	38	15	10	17	3	11	19	19	6	6	3	10	15	29	34	27	37	19	12	19	34	13	9	15	8	15	36	23	24	28	26	11	5	10	16	21	27	18	9	18	15	6	28	17	22	9	24	16	17	16
5	12	16	2	24	24	31	31	2	20	13	35	17	11	12	9	19	20	0	34	15	31	17	17	21	29	6	12	33	6	19	4	34	7	10	23	22	19	26	13	20	21	17	25	11	23	33	12	28	7	15	32	32	10	22	9	16	5	29	11	17	23	7	13	25	25	11	3	28	19	11	10	7	17	17	18	10	11	4	7	3	5
36	30	28	35	45	14	13	4	35	15	21	19	44	32	26	29	41	37	34	0	33	4	49	31	15	5	38	45	4	32	46	30	2	30	36	52	40	26	20	22	32	43	35	47	26	10	5	45	10	40	43	28	4	28	29	27	29	31	6	44	17	56	37	41	42	31	42	37	10	20	32	25	30	40	18	21	24	36	36	39	32	36
21	25	5	18	39	30	24	29	14	24	16	42	32	25	23	22	35	35	15	33	0	29	31	31	18	28	21	23	30	20	34	17	32	20	26	38	38	30	35	21	33	36	32	40	22	24	35	19	24	21	30	43	33	22	34	21	29	20	27	22	20	34	12	29	40	38	26	16	32	27	25	19	20	32	16	26	15	26	13	22	18	21
34	28	23	32	44	15	9	0	32	13	18	22	43	31	24	27	40	37	31	4	29	0	47	30	11	2	35	43	2	30	45	28	3	28	34	50	40	26	21	20	31	42	34	46	24	8	9	42	6	37	42	29	7	26	29	25	29	29	2	42	15	54	34	40	42	31	40	34	12	19	31	22	28	39	14	20	21	34	33	36	30	34
13	21	33	15	18	37	48	47	18	35	30	46	8	18	24	20	15	20	17	49	31	47	0	23	38	45	12	9	49	17	9	20	50	19	14	9	20	27	36	28	24	16	19	16	23	39	48	14	45	11	8	39	47	21	28	22	23	18	46	9	33	8	19	9	21	30	7	16	41	31	18	25	19	14	34	30	26	15	18	11	18	13
15	6	28	16	14	16	35	30	20	17	18	23	16	7	9	9	11	7	17	31	31	30	23	0	25	28	16	24	32	12	17	15	32	11	10	22	10	4	14	12	2	12	4	16	9	23	27	27	30	18	16	16	27	8	5	10	2	12	29	23	18	31	24	14	12	8	17	20	21	11	7	12	11	11	22	10	16	9	22	16	14	15
25	22	13	23	39	15	10	11	22	10	9	26	35	24	18	20	34	32	21	15	18	11	38	25	0	9	26	33	12	22	37	19	14	20	27	43	35	22	22	13	28	36	29	40	17	7	17	31	7	28	34	31	15	19	26	18	24	21	9	32	8	45	23	32	37	29	32	24	15	16	24	15	20	33	4	16	12	27	22	27	21	25
32	26	22	30	42	13	10	2	30	11	16	20	40	28	22	25	38	34	29	5	28	2	45	28	9	0	33	41	4	28	43	26	5	26	32	48	38	24	19	18	29	40	32	44	22	6	9	40	6	35	40	28	7	24	27	23	27	27	2	40	12	52	32	37	39	29	38	32	10	17	28	20	26	37	12	18	19	32	31	34	28	32
2	11	21	3	19	26	36	35	7	23	18	36	11	9	13	9	15	17	6	38	21	35	12	16	26	33	0	9	37	5	13	8	38	8	7	18	18	19	27	16	18	16	14	19	12	28	37	11	33	2	9	32	36	11	21	11	15	6	34	8	21	19	10	8	21	24	6	5	31	21	9	13	8	12	22	19	14	8	9	1	6	2
10	20	25	10	23	35	42	43	11	31	25	45	13	18	22	18	20	23	12	45	23	43	9	24	33	41	9	0	45	14	15	15	45	16	14	17	24	27	36	24	26	21	21	23	21	35	45	5	40	6	12	40	44	19	29	19	23	15	41	1	28	12	11	12	26	31	8	9	39	29	18	21	16	17	29	28	21	15	11	8	13	10
36	31	25	34	46	17	9	2	34	15	20	23	45	33	26	30	43	39	33	4	30	2	49	32	12	4	37	45	0	32	47	30	2	30	36	52	42	28	23	22	34	44	36	48	26	10	10	43	6	39	44	31	8	28	31	27	31	31	3	44	17	56	36	42	44	33	42	36	13	21	33	24	30	41	16	22	23	36	35	38	32	36
4	7	19	4	19	21	32	30	8	18	13	31	13	6	8	4	15	15	6	32	20	30	17	12	22	28	5	14	32	0	16	4	33	2	5	21	17	14	22	11	14	16	12	20	7	22	31	16	28	8	12	27	30	5	17	5	11	1	29	13	16	24	12	10	20	20	10	8	25	15	6	8	2	12	17	14	10	6	10	6	2	4
14	17	35	17	9	33	47	45	20	32	29	40	2	14	21	17	7	12	19	46	34	45	9	17	37	43	13	15	47	16	0	20	47	18	11	6	11	21	31	25	17	7	13	8	21	37	44	20	44	14	4	32	43	19	21	20	18	17	44	16	31	16	23	6	13	22	9	19	37	27	14	23	18	6	33	26	26	11	22	12	18	14
7	9	16	5	23	20	28	28	6	16	10	31	17	9	8	6	19	18	4	30	17	28	20	15	19	26	8	15	30	4	20	0	30	3	9	25	21	15	22	9	17	20	15	24	7	20	30	16	25	9	16	29	28	7	19	6	13	3	26	14	13	26	10	14	23	22	13	7	24	15	9	6	3	16	14	14	7	10	8	9	2	7
37	31	26	35	46	16	11	3	35	15	20	21	45	33	26	30	43	38	34	2	32	3	50	32	14	5	38	45	2	33	47	30	0	30	36	53	42	28	22	22	33	44	36	48	27	10	8	45	8	40	44	30	6	29	30	28	31	32	5	44	17	57	37	42	43	32	43	37	12	21	33	25	30	41	17	22	24	36	36	39	32	37
6	6	19	6	20	19	30	28	9	16	11	29	15	5	5	2	16	15	7	30	20	28	19	11	20	26	8	16	30	2	18	3	30	0	7	23	18	12	20	8	13	17	12	22	5	20	29	18	26	10	14	26	28	3	15	3	10	2	27	15	13	26	13	12	20	19	12	9	23	13	5	6	0	14	15	12	8	7	11	9	3	6
6	6	25	8	14	23	36	34	12	21	18	32	9	4	10	7	9	10	10	36	26	34	14	10	27	32	7	14	36	5	11	9	36	7	0	16	12	13	22	14	11	11	8	15	10	26	34	18	33	9	8	26	33	8	15	9	9	6	33	14	20	22	16	6	15	17	8	11	27	17	4	12	7	7	22	16	15	1	14	7	8	6
18	22	39	21	12	38	53	50	24	37	34	45	8	20	26	23	12	17	23	52	38	50	9	22	43	48	18	17	52	21	6	25	53	23	16	0	15	27	36	31	22	12	18	10	26	43	49	22	49	18	9	36	49	24	26	25	23	22	49	18	36	13	27	11	16	27	12	22	43	33	20	28	23	12	38	31	31	16	25	17	22	18
18	13	36	20	4	26	45	40	24	27	27	30	11	12	18	16	4	3	22	40	38	40	20	10	35	38	18	24	42	17	11	21	42	18	12	15	0	14	22	22	9	4	6	7	18	33	37	29	40	20	12	21	37	16	12	18	11	18	39	24	27	27	28	12	2	12	16	23	31	21	12	21	18	7	31	20	25	11	26	18	20	18
17	7	27	18	19	12	31	26	21	13	16	19	20	9	8	10	16	11	19	26	30	26	27	4	22	24	19	27	28	14	21	15	28	12	13	27	14	0	9	10	6	17	9	21	9	19	23	29	27	21	20	13	23	9	4	10	4	13	25	26	15	35	25	18	16	7	21	21	16	7	9	11	12	15	19	6	15	12	23	19	16	17
26	16	31	26	27	7	29	21	28	12	19	9	29	19	15	18	25	19	26	20	35	21	36	14	22	19	27	36	23	22	31	22	22	20	22	36	22	9	0	14	14	25	18	29	16	16	16	38	24	30	29	9	16	17	10	17	13	22	21	35	16	44	32	27	23	11	30	29	10	8	19	17	20	24	20	9	20	22	30	28	23	26
15	9	17	14	26	11	23	20	15	7	5	22	23	11	4	8	21	19	13	22	21	20	28	12	13	18	16	24	22	11	25	9	22	8	14	31	22	10	14	0	15	23	16	27	4	12	21	25	19	18	22	22	20	7	14	6	11	10	19	23	6	35	19	20	24	18	21	16	15	7	11	3	8	20	9	5	5	14	17	17	11	15
17	8	31	19	13	17	37	31	22	19	20	22	16	9	11	11	11	6	20	32	33	31	24	2	28	29	18	26	34	14	17	17	33	13	11	22	9	6	14	15	0	11	5	15	12	25	28	29	32	20	16	15	28	11	4	12	4	14	31	25	20	32	26	15	10	6	19	22	22	12	9	15	13	11	24	12	19	10	24	18	17	17
16	14	36	19	3	28	46	42	23	29	27	34	8	12	18	16	2	6	21	43	36	42	16	12	36	40	16	21	44	16	7	20	44	17	11	12	4	17	25	23	11	0	8	4	19	34	40	26	42	18	9	25	39	17	15	18	13	17	41	21	28	23	26	9	6	16	13	22	33	23	12	21	17	4	32	22	25	10	25	16	19	16
13	7	30	16	10	21	38	34	19	21	21	27	12	6	11	10	7	3	17	35	32	34	19	4	29	32	14	21	36	12	13	15	36	12	8	18	6	9	18	16	5	8	0	12	12	27	32	25	34	16	12	19	32	10	9	12	5	12	33	21	21	27	24	10	9	10	14	19	25	15	6	15	12	6	25	14	19	7	21	14	14	13
19	18	40	22	2	33	50	46	26	33	32	37	9	17	23	20	6	10	25	47	40	46	16	16	40	44	19	23	48	20	8	24	48	22	15	10	7	21	29	27	15	4	12	0	23	39	44	28	46	21	11	28	44	21	19	22	17	21	45	23	33	22	30	12	7	19	16	25	37	27	17	26	22	8	36	26	29	14	28	19	22	19
11	5	19	11	21	14	27	24	13	11	9	25	19	7	1	3	17	15	11	26	22	24	23	9	17	22	12	21	26	7	21	7	27	5	10	26	18	9	16	4	12	19	12	23	0	16	24	22	23	15	18	22	23	2	12	2	8	6	23	20	10	31	17	15	20	16	17	14	18	9	7	3	5	16	13	7	7	10	15	13	8	11
26	21	19	25	37	9	12	8	25	6	10	20	35	23	16	20	33	29	23	10	24	8	39	23	7	6	28	35	10	22	37	20	10	20	26	43	33	19	16	12	25	34	27	39	16	0	11	34	8	29	34	25	9	19	22	18	21	21	7	34	7	46	27	32	34	25	33	26	9	12	23	15	20	32	8	13	14	26	26	29	22	26
35	28	30	34	42	11	18	9	35	13	21	13	42	30	24	28	39	34	33	5	35	9	48	27	17	9	37	45	10	31	44	30	8	29	34	49	37	23	16	21	28	40	32	44	24	11	0	45	14	39	41	22	2	26	25	26	27	30	10	44	17	55	38	39	38	27	41	36	7	17	30	24	29	38	19	18	24	33	36	38	31	35
12	22	22	11	28	36	40	42	10	32	24	47	19	20	23	20	24	27	12	45	19	42	14	27	31	40	11	5	43	16	20	16	45	18	18	22	29	29	38	25	29	26	25	28	22	34	45	0	38	9	17	43	43	21	32	21	26	16	40	5	28	16	8	17	31	35	12	9	39	31	20	22	18	22	27	29	21	19	9	11	14	12
32	28	19	30	44	17	5	6	29	14	15	26	42	30	23	26	40	37	28	10	24	6	45	30	7	6	33	40	6	28	44	25	8	26	33	49	40	27	24	19	32	42	34	46	23	8	14	38	0	34	40	33	12	25	30	24	29	27	4	39	13	51	30	38	42	33	38	31	15	20	30	21	26	39	11	20	19	33	29	34	27	32
4	14	22	4	20	29	37	37	7	25	19	39	12	12	15	12	16	19	7	40	21	37	11	18	28	35	2	6	39	8	14	9	40	10	9	18	20	21	30	18	20	18	16	21	15	29	39	9	34	0	10	34	38	13	23	13	18	9	36	5	22	17	9	9	22	26	5	5	33	23	12	15	10	14	23	22	16	10	8	2	7	4
10	14	31	13	11	30	44	42	16	29	25	38	2	11	18	14	8	12	15	43	30	42	8	16	34	40	9	12	44	12	4	16	44	14	8	9	12	20	29	22	16	9	12	11	18	34	41	17	40	10	0	31	41	15	20	16	16	13	40	12	27	16	19	2	14	22	5	15	35	25	11	20	14	6	30	23	22	8	18	9	14	10
30	21	39	32	25	16	37	29	34	20	27	11	31	22	21	24	25	19	32	28	43	29	39	16	31	28	32	40	31	27	32	29	30	26	26	36	21	13	9	22	15	25	19	28	22	25	22	43	33	34	31	0	24	22	11	23	17	27	29	40	24	47	39	30	21	9	33	35	18	16	22	24	26	25	29	17	27	25	37	32	29	30
34	27	28	33	41	11	16	7	33	12	19	15	42	29	23	27	38	34	32	4	33	7	47	27	15	7	36	44	8	30	43	28	6	28	33	49	37	23	16	20	28	39	32	44	23	9	2	43	12	38	41	24	0	26	25	25	26	29	8	43	16	54	36	39	38	27	40	35	7	17	29	22	28	37	17	18	22	33	35	37	30	34
9	3	20	10	20	16	29	26	12	13	11	26	16	4	2	2	15	13	10	28	22	26	21	8	19	24	11	19	28	5	19	7	29	3	8	24	16	9	17	7	11	17	10	21	2	19	26	21	25	13	15	22	26	0	12	2	7	5	25	19	12	29	17	13	19	15	15	13	20	10	4	5	3	13	15	9	9	8	14	12	7	9
19	10	31	21	17	15	35	29	24	17	20	19	20	11	11	13	15	9	22	29	34	29	28	5	26	27	21	29	31	17	21	19	30	15	15	26	12	4	10	14	4	15	9	19	12	22	25	32	30	23	20	11	25	12	0	13	6	16	28	28	19	36	28	19	13	3	22	24	19	10	11	15	15	15	23	10	19	14	26	21	19	19
9	5	19	9	21	16	28	25	11	13	9	26	17	6	2	2	17	15	9	27	21	25	22	10	18	23	11	19	27	5	20	6	28	3	9	25	18	10	17	6	12	18	12	22	2	18	26	21	24	13	16	23	25	2	13	0	8	5	24	19	11	29	16	14	20	17	15	12	20	10	6	3	3	15	14	9	7	9	13	12	6	9
14	4	27	15	15	15	33	29	19	16	16	22	16	6	7	8	12	8	16	29	29	29	23	2	24	27	15	23	31	11	18	13	31	10	9	23	11	4	13	11	4	13	5	17	8	21	27	26	29	18	16	17	26	7	6	8	0	11	28	23	16	31	23	14	13	9	17	19	20	10	6	11	10	11	20	9	15	9	21	16	13	14
5	7	19	5	20	20	31	29	8	17	12	31	15	6	7	3	16	15	5	31	20	29	18	12	21	27	6	15	31	1	17	3	32	2	6	22	18	13	22	10	14	17	12	21	6	21	30	16	27	9	13	27	29	5	16	5	11	0	28	14	15	25	12	11	20	20	11	8	24	15	6	7	2	13	16	13	9	7	10	7	2	5
33	27	22	31	43	14	8	2	30	12	16	22	42	29	23	26	40	36	29	6	27	2	46	29	9	2	34	41	3	29	44	26	5	27	33	49	39	25	21	19	31	41	33	45	23	7	10	40	4	36	40	29	8	25	28	24	28	28	0	40	13	52	32	38	41	31	39	32	12	18	29	21	27	38	13	19	20	33	31	35	28	33
9	19	24	9	24	34	41	42	10	31	24	44	14	17	21	17	20	23	11	44	22	42	9	23	32	40	8	1	44	13	16	14	44	15	14	18	24	26	35	23	25	21	21	23	20	34	44	5	39	5	12	40	43	19	28	19	23	14	40	0	27	13	10	12	26	31	8	8	38	29	17	20	15	17	28	27	20	15	10	7	12	9
19	15	15	18	31	10	17	15	18	4	4	22	28	17	10	13	27	24	17	17	20	15	33	18	8	12	21	28	17	16	31	13	17	13	20	36	27	15	16	6	20	28	21	33	10	7	17	28	13	22	27	24	16	12	19	11	16	15	13	27	0	39	21	25	29	22	26	20	12	9	17	8	13	25	5	9	7	20	19	22	15	19
20	28	37	21	24	45	54	54	23	42	36	53	16	26	31	27	22	28	23	56	34	54	8	31	45	52	19	12	56	24	16	26	57	26	22	13	27	35	44	35	32	23	27	22	31	46	55	16	51	17	16	47	54	29	36	29	31	25	52	13	39	0	23	17	28	37	14	21	49	39	26	32	26	21	40	37	33	22	23	18	24	20
11	19	14	8	29	29	32	34	4	25	17	41	21	18	18	15	25	26	7	37	12	34	19	24	23	32	10	11	36	12	23	10	37	13	16	27	28	25	32	19	26	26	24	30	17	27	38	8	30	9	19	39	36	17	28	16	23	12	32	10	21	23	0	18	31	32	15	5	33	25	18	16	13	22	20	23	14	17	2	11	10	11
8	12	29	11	12	28	42	40	15	27	23	36	3	9	16	12	8	11	13	41	29	40	9	14	32	37	8	12	42	10	6	14	42	12	6	11	12	18	27	20	15	9	10	12	15	32	39	17	38	9	2	30	39	13	19	14	14	11	38	12	25	17	18	0	14	21	4	13	33	22	9	17	12	5	27	21	20	6	16	7	12	8
20	16	39	23	5	27	46	42	27	29	29	31	13	15	20	19	7	5	25	42	40	42	21	12	37	39	21	26	44	20	13	23	43	20	15	16	2	16	23	24	10	6	9	7	20	34	38	31	42	22	14	21	38	19	13	20	13	20	41	26	29	28	31	14	0	12	19	26	32	22	15	23	20	9	33	22	27	14	29	20	22	20
22	13	35	24	17	17	38	31	27	19	23	18	22	14	15	16	16	10	25	31	38	31	30	8	29	29	24	31	33	20	22	22	32	19	17	27	12	7	11	18	6	16	10	19	16	25	27	35	33	26	22	9	27	15	3	17	9	20	31	31	22	37	32	21	12	0	24	27	20	13	14	19	19	16	26	13	22	16	29	24	22	22
7	14	27	9	16	30	41	40	12	28	23	39	6	12	17	13	12	16	11	42	26	40	7	17	32	38	6	8	42	10	9	13	43	12	8	12	16	21	30	21	19	13	14	16	17	33	41	12	38	5	5	33	40	15	22	15	17	11	39	8	26	14	15	4	19	24	0	10	35	25	12	18	12	10	27	23	20	9	13	4	11	7
6	14	17	3	25	27	33	34	2	23	16	38	16	13	15	11	20	21	3	37	16	34	16	20	24	32	5	9	36	8	19	7	37	9	11	22	23	21	29	16	22	22	19	25	14	26	36	9	31	5	15	35	35	13	24	12	19	8	32	8	20	21	5	13	26	27	10	0	31	22	13	13	9	18	20	21	13	12	3	6	6	6
29	21	27	29	35	4	20	12	29	8	16	11	36	23	18	22	32	27	28	10	32	12	41	21	15	10	31	39	13	25	37	24	12	23	27	43	31	16	10	15	22	33	25	37	18	9	7	39	15	33	35	18	7	20	19	20	20	24	12	38	12	49	33	33	32	20	35	31	0	10	23	18	23	31	16	12	19	27	31	31	26	29
19	11	23	19	25	6	25	19	21	6	11	16	25	13	8	12	22	18	19	20	27	19	31	11	16	17	21	29	21	15	27	15	21	13	17	33	21	7	8	7	12	23	15	27	9	12	17	31	20	23	25	16	17	10	10	10	10	15	18	29	9	39	25	22	22	13	25	22	10	0	13	9	13	21	14	2	12	17	23	22	16	19
8	2	24	10	15	19	34	31	13	18	15	28	12	0	7	4	11	9	11	32	25	31	18	7	24	28	9	18	33	6	14	9	33	5	4	20	12	9	19	11	9	12	6	17	7	23	30	20	30	12	11	22	29	4	11	6	6	6	29	17	17	26	18	9	15	14	12	13	23	13	0	9	5	9	20	12	13	3	15	10	8	8
12	8	16	11	24	14	24	22	12	10	6	25	21	9	4	6	20	18	10	25	19	22	25	12	15	20	13	21	24	8	23	6	25	6	12	28	21	11	17	3	15	21	15	26	3	15	24	22	21	15	20	24	22	5	15	3	11	7	21	20	8	32	16	17	23	19	18	13	18	9	9	0	6	18	10	8	4	12	14	14	8	12
6	6	19	6	20	19	30	28	9	16	11	29	15	5	5	2	16	15	7	30	20	28	19	11	20	26	8	16	30	2	18	3	30	0	7	23	18	12	20	8	13	17	12	22	5	20	29	18	26	10	14	26	28	3	15	3	10	2	27	15	13	26	13	12	20	19	12	9	23	13	5	6	0	14	15	12	8	7	11	9	3	6
12	11	32	15	7	27	43	39	19	26	24	33	5	9	15	13	2	6	17	40	32	39	14	11	33	37	12	17	41	12	6	16	41	14	7	12	7	15	24	20	11	4	6	8	16	32	38	22	39	14	6	25	37	13	15	15	11	13	38	17	25	21	22	5	9	16	10	18	31	21	9	18	14	0	29	20	21	6	21	12	15	12
21	18	11	19	35	14	14	14	18	9	4	26	31	20	14	16	30	28	17	18	16	14	34	22	4	12	22	29	16	17	33	14	17	15	22	38	31	19	20	9	24	32	25	36	13	8	19	27	11	23	30	29	17	15	23	14	20	16	13	28	5	40	20	27	33	26	27	20	16	14	20	10	15	29	0	13	8	22	19	23	16	21
18	9	22	18	24	7	25	20	20	7	10	18	24	12	6	10	21	17	18	21	26	20	30	10	16	18	19	28	22	14	26	14	22	12	16	31	20	6	9	5	12	22	14	26	7	13	18	29	20	22	23	17	18	9	10	9	9	13	19	27	9	37	23	21	22	13	23	21	12	2	12	8	12	20	13	0	11	15	21	20	15	18
13	12	12	11	28	16	22	21	11	11	3	28	23	13	8	9	23	22	10	24	15	21	26	16	12	19	14	21	23	10	26	7	24	8	15	31	25	15	20	5	19	25	19	29	7	14	24	21	19	16	22	27	22	9	19	7	15	9	20	20	7	33	14	20	27	22	20	13	19	12	13	4	8	21	8	11	0	15	12	15	9	13
7	6	26	9	13	22	37	34	13	21	18	31	9	3	10	7	9	9	11	36	26	34	15	9	27	32	8	15	36	6	11	10	36	7	1	16	11	12	22	14	10	10	7	14	10	26	33	19	33	10	8	25	33	8	14	9	9	7	33	15	20	22	17	6	14	16	9	12	27	17	3	12	7	6	22	15	15	0	15	8	9	7
9	16	14	6	28	28	31	33	2	23	16	39	19	15	16	13	23	24	4	36	13	33	18	22	22	31	9	11	35	10	22	8	36	11	14	25	26	23	30	17	24	25	21	28	15	26	36	9	29	8	18	37	35	14	26	13	21	10	31	10	19	23	2	16	29	29	13	3	31	23	15	14	11	21	19	21	12	15	0	9	8	9
2	12	22	4	19	27	37	36	8	24	19	37	10	10	14	10	14	16	7	39	22	36	11	16	27	34	1	8	38	6	12	9	39	9	7	17	18	19	28	17	18	16	14	19	13	29	38	11	34	2	9	32	37	12	21	12	16	7	35	7	22	18	11	7	20	24	4	6	31	22	10	14	9	12	23	20	15	8	9	0	7	2
4	9	17	3	22	22	31	30	5	18	12	32	15	8	9	6	17	17	3	32	18	30	18	14	21	28	6	13	32	2	18	2	32	3	8	22	20	16	23	11	17	19	14	22	8	22	31	14	27	7	14	29	30	7	19	6	13	2	28	12	15	24	10	12	22	22	11	6	26	16	8	8	3	15	16	15	9	9	8	7	0	4
0	10	21	3	19	25	35	34	7	22	17	35	11	8	12	8	14	16	5	36	21	34	13	15	25	32	2	10	36	4	14	7	37	6	6	18	18	17	26	15	17	16	13	19	11	26	35	12	32	4	10	30	34	9	19	9	14	5	33	9	19	20	11	8	20	22	7	6	29	19	8	12	6	12	21	18	13	7	9	2	4	0


