Number of nodes= 102
Number of caregiver= 19
Number of group=3 

Caregiver_cost=
122	107	115	212	191	111	157	134	147	215	163	161	125	129	177	132	173	209	216


	
Caregiver in group=
Group_1:1	2	3	6	13	14	
Group_2:7	8	9	11	12	16	
Group_3:4	5	10	15	17	18	19

						
			
skill matrix=							
Caregiver1:0	1	4	5	6	15	19	25	26	28	29	31	33	34	35	38	41	43	47	52	53	54	55	62	63	64	69	71	73	78	83	86	88	92	95	97	101					
Caregiver2:0	2	3	9	11	12	14	21	22	27	32	36	40	42	45	46	50	57	61	65	72	74	77	82	85	89	91	93	101													
Caregiver3:0	7	8	10	13	16	17	18	20	23	24	30	37	39	44	48	49	51	56	58	59	60	66	67	68	70	75	76	79	80	81	84	87	90	94	96	101					
Caregiver4:0	2	3	7	8	9	10	11	12	13	14	16	17	18	20	21	22	23	24	27	30	32	36	37	39	40	42	44	45	46	48	49	50	51	56	57	58	59	60	61	65	66	67	68	70	72	74	75	76	77	79	80	81	82	84	85	87	89	90	91	93	94	96	98	99	101								
Caregiver5:0	1	2	3	4	5	6	9	11	12	14	15	19	21	22	25	26	27	28	29	31	32	33	34	35	36	38	40	41	42	43	45	46	47	50	52	53	54	55	57	61	62	63	64	65	69	71	72	73	74	77	78	82	83	85	86	88	89	91	92	93	95	97	99	100	101								
Caregiver6:0	1	4	5	6	15	19	25	26	28	29	31	33	34	35	38	41	43	47	52	53	54	55	62	63	64	69	71	73	78	83	86	88	92	95	97	101					
Caregiver7:0	1	4	5	6	7	8	10	13	15	16	17	18	19	20	23	24	25	26	28	29	30	31	33	34	35	37	38	39	41	43	44	47	48	49	51	52	53	54	55	56	58	59	60	62	63	64	66	67	68	69	70	71	73	75	76	78	79	80	81	83	84	86	87	88	90	92	94	95	96	97	98	100	101
Caregiver8:0	2	3	7	8	9	10	11	12	13	14	16	17	18	20	21	22	23	24	27	30	32	36	37	39	40	42	44	45	46	48	49	50	51	56	57	58	59	60	61	65	66	67	68	70	72	74	75	76	77	79	80	81	82	84	85	87	89	90	91	93	94	96	98	99	101								
Caregiver9:0	2	3	7	8	9	10	11	12	13	14	16	17	18	20	21	22	23	24	27	30	32	36	37	39	40	42	44	45	46	48	49	50	51	56	57	58	59	60	61	65	66	67	68	70	72	74	75	76	77	79	80	81	82	84	85	87	89	90	91	93	94	96	98	99	101								
Caregiver10:0	1	4	5	6	7	8	10	13	15	16	17	18	19	20	23	24	25	26	28	29	30	31	33	34	35	37	38	39	41	43	44	47	48	49	51	52	53	54	55	56	58	59	60	62	63	64	66	67	68	69	70	71	73	75	76	78	79	80	81	83	84	86	87	88	90	92	94	95	96	97	98	100	101
Caregiver11:0	1	2	3	4	5	6	9	11	12	14	15	19	21	22	25	26	27	28	29	31	32	33	34	35	36	38	40	41	42	43	45	46	47	50	52	53	54	55	57	61	62	63	64	65	69	71	72	73	74	77	78	82	83	85	86	88	89	91	92	93	95	97	99	100	101								
Caregiver12:0	2	3	7	8	9	10	11	12	13	14	16	17	18	20	21	22	23	24	27	30	32	36	37	39	40	42	44	45	46	48	49	50	51	56	57	58	59	60	61	65	66	67	68	70	72	74	75	76	77	79	80	81	82	84	85	87	89	90	91	93	94	96	98	99	101								
Caregiver13:0	2	3	9	11	12	14	21	22	27	32	36	40	42	45	46	50	57	61	65	72	74	77	82	85	89	91	93	101													
Caregiver14:0	2	3	9	11	12	14	21	22	27	32	36	40	42	45	46	50	57	61	65	72	74	77	82	85	89	91	93	101													
Caregiver15:0	2	3	7	8	9	10	11	12	13	14	16	17	18	20	21	22	23	24	27	30	32	36	37	39	40	42	44	45	46	48	49	50	51	56	57	58	59	60	61	65	66	67	68	70	72	74	75	76	77	79	80	81	82	84	85	87	89	90	91	93	94	96	98	99	101								
Caregiver16:0	1	2	3	4	5	6	9	11	12	14	15	19	21	22	25	26	27	28	29	31	32	33	34	35	36	38	40	41	42	43	45	46	47	50	52	53	54	55	57	61	62	63	64	65	69	71	72	73	74	77	78	82	83	85	86	88	89	91	92	93	95	97	99	100	101								
Caregiver17:0	2	3	7	8	9	10	11	12	13	14	16	17	18	20	21	22	23	24	27	30	32	36	37	39	40	42	44	45	46	48	49	50	51	56	57	58	59	60	61	65	66	67	68	70	72	74	75	76	77	79	80	81	82	84	85	87	89	90	91	93	94	96	98	99	101								
Caregiver18:0	1	4	5	6	7	8	10	13	15	16	17	18	19	20	23	24	25	26	28	29	30	31	33	34	35	37	38	39	41	43	44	47	48	49	51	52	53	54	55	56	58	59	60	62	63	64	66	67	68	69	70	71	73	75	76	78	79	80	81	83	84	86	87	88	90	92	94	95	96	97	98	100	101
Caregiver19:0	1	2	3	4	5	6	9	11	12	14	15	19	21	22	25	26	27	28	29	31	32	33	34	35	36	38	40	41	42	43	45	46	47	50	52	53	54	55	57	61	62	63	64	65	69	71	72	73	74	77	78	82	83	85	86	88	89	91	92	93	95	97	99	100	101								

type of shift per day=2
number of days=7
Number of shitfs=14

Service time of node=
0	20	50	46	41	31	25	36	23	40	40	32	53	22	57	36	21	47	24	28	23	42	45	35	21	25	48	56	40	31	22	49	24	25	30	35	50	27	24	45	41	20	39	31	37	48	25	50	29	28	52	48	55	49	24	20	56	50	33	57	35	47	49	56	52	48	25	52	49	57	38	29	42	40	49	32	43	25	59	20	25	49	21	40	25	56	38	25	23	26	41	24	20	35	22	54	36	50	52	24	45	0

Time window for ptient matrix (day, patient) :first line alfa and second beta
0	0	528	0	780	0	0	480	0	0	480	1013	0	0	0	780	860	0	0	0	896	0	480	0	609	780	672	780	0	480	480	0	0	0	635	595	0	0	480	0	0	480	855	721	0	0	637	904	0	0	480	501	0	656	0	0	497	0	0	0	884	847	0	0	0	0	780	0	0	992	780	0	0	0	0	628	0	0	480	0	480	0	0	480	846	0	0	530	0	780	0	780	540	0	0	656	0	0	924	480	0	0
0	0	619	0	1080	0	0	780	0	0	780	1043	0	0	0	1080	939	0	0	0	926	0	780	0	639	1080	744	1080	0	780	780	0	0	0	727	625	0	0	780	0	0	780	941	751	0	0	712	986	0	0	780	620	0	766	0	0	564	0	0	0	949	959	0	0	0	0	882	0	0	1064	1080	0	0	0	0	699	0	0	780	0	780	0	0	780	876	0	0	560	0	1080	0	1080	604	0	0	686	0	0	992	780	0	0
0	480	780	0	0	0	676	780	0	0	0	0	0	0	0	894	734	960	0	0	0	0	0	0	865	480	780	0	0	0	627	0	0	0	0	1006	0	0	552	535	480	0	480	0	999	0	0	0	0	780	0	0	0	0	903	487	805	653	0	0	480	0	0	0	1003	825	822	780	844	678	0	1011	923	0	0	0	0	0	0	0	0	0	0	0	0	480	679	829	0	0	674	0	0	494	0	0	0	0	0	0	604	0
0	780	1080	0	0	0	706	1080	0	0	0	0	0	0	0	983	764	990	0	0	0	0	0	0	965	780	1080	0	0	0	657	0	0	0	0	1036	0	0	613	647	595	0	780	0	1064	0	0	0	0	1080	0	0	0	0	933	583	915	745	0	0	558	0	0	0	1074	907	924	1080	950	780	0	1080	984	0	0	0	0	0	0	0	0	0	0	0	0	780	774	941	0	0	704	0	0	587	0	0	0	0	0	0	693	0
0	810	0	480	0	995	497	0	0	480	0	727	0	669	806	0	491	0	676	480	0	0	0	621	0	0	0	0	0	841	480	0	677	0	0	0	0	0	0	664	0	780	0	0	0	0	0	0	0	610	0	0	0	0	0	780	780	780	838	0	717	1010	0	0	526	0	780	0	0	0	0	0	667	0	584	0	480	581	0	0	0	996	989	658	0	889	780	0	0	0	0	0	780	553	0	0	480	480	490	1009	849	0
0	873	0	780	0	1075	527	0	0	780	0	757	0	699	836	0	555	0	737	780	0	0	0	727	0	0	0	0	0	908	780	0	780	0	0	0	0	0	0	747	0	1080	0	0	0	0	0	0	0	640	0	0	0	0	0	1080	1080	1080	934	0	747	1040	0	0	556	0	1080	0	0	0	0	0	773	0	614	0	780	648	0	0	0	1080	1080	688	0	956	1080	0	0	0	0	0	1080	583	0	0	780	780	566	1080	923	0
0	780	950	0	926	0	0	1001	0	780	0	0	0	0	579	835	0	780	895	485	480	0	517	0	0	0	671	795	0	812	950	874	0	997	780	0	0	947	690	668	0	0	780	572	0	961	780	576	0	0	577	480	0	579	0	0	480	509	950	0	0	780	780	877	0	0	0	0	0	923	980	0	0	0	0	557	780	0	0	869	0	995	0	0	780	516	640	0	0	0	780	680	0	0	0	0	780	0	0	0	0	0
0	1080	980	0	1000	0	0	1068	0	1080	0	0	0	0	609	920	0	1080	925	591	780	0	547	0	0	0	771	903	0	914	980	945	0	1073	1080	0	0	1018	751	698	0	0	1080	651	0	1034	1080	678	0	0	648	780	0	698	0	0	780	615	980	0	0	856	1080	907	0	0	0	0	0	953	1072	0	0	0	0	655	1080	0	0	952	0	1058	0	0	1080	626	718	0	0	0	884	710	0	0	0	0	885	0	0	0	0	0
0	0	0	0	0	902	480	0	0	0	0	0	780	0	0	0	0	0	985	0	480	482	0	615	0	0	892	0	0	872	0	780	907	0	834	0	674	707	0	507	582	861	0	0	0	783	480	0	851	821	646	0	641	0	0	893	0	0	0	492	0	974	0	0	0	570	640	944	569	599	795	0	0	0	597	861	0	608	0	0	0	480	0	480	889	0	0	571	0	0	0	885	618	0	0	0	539	554	604	0	969	0
0	0	0	0	0	932	780	0	0	0	0	0	1080	0	0	0	0	0	1067	0	780	544	0	685	0	0	958	0	0	902	0	1080	937	0	941	0	762	737	0	537	690	891	0	0	0	884	595	0	943	935	750	0	729	0	0	958	0	0	0	575	0	1004	0	0	0	634	746	974	599	629	868	0	0	0	627	929	0	638	0	0	0	780	0	595	950	0	0	601	0	0	0	957	698	0	0	0	569	649	681	0	999	0
0	0	0	480	0	585	993	480	598	780	870	0	805	0	0	0	0	0	941	957	0	0	0	487	0	0	0	615	718	0	0	0	795	540	0	0	780	0	0	0	0	0	594	0	780	0	0	0	0	974	555	597	0	0	833	0	0	0	0	0	0	0	527	727	913	0	0	0	0	0	0	1028	0	800	480	0	0	793	0	0	948	0	0	0	0	0	0	780	780	0	480	0	949	480	569	480	780	0	0	0	785	0
0	0	0	565	0	673	1080	584	684	1080	975	0	835	0	0	0	0	0	971	1048	0	0	0	563	0	0	0	723	748	0	0	0	888	570	0	0	1080	0	0	0	0	0	624	0	891	0	0	0	0	1004	657	697	0	0	863	0	0	0	0	0	0	0	557	757	980	0	0	0	0	0	0	1058	0	830	780	0	0	877	0	0	978	0	0	0	0	0	0	1080	1080	0	780	0	1028	780	638	780	1080	0	0	0	876	0
0	0	0	0	0	705	0	0	644	955	0	896	0	780	780	0	0	548	0	490	0	627	0	0	878	0	0	0	950	0	0	0	0	0	780	0	0	607	0	0	0	0	0	0	494	0	588	0	780	0	0	0	868	0	0	580	0	0	780	480	780	0	0	630	994	511	0	1034	831	0	0	480	0	545	0	0	572	897	526	922	0	0	558	851	0	926	0	0	633	480	0	0	0	0	480	0	0	0	879	0	0	0
0	0	0	0	0	735	0	0	727	985	0	926	0	1080	1080	0	0	578	0	590	0	721	0	0	955	0	0	0	980	0	0	0	0	0	1080	0	0	637	0	0	0	0	0	0	560	0	618	0	1080	0	0	0	949	0	0	691	0	0	1080	780	897	0	0	747	1058	600	0	1064	861	0	0	565	0	635	0	0	644	927	601	986	0	0	657	925	0	956	0	0	709	578	0	0	0	0	780	0	0	0	955	0	0	0

CII matrix(caregiver, patient)
0	10	0	0	9	6	6	0	0	0	0	0	0	0	0	8	0	0	0	6	0	0	0	0	0	10	8	0	7	7	0	6	0	9	8	9	0	0	8	0	0	6	0	8	0	0	0	9	0	0	0	0	10	8	8	9	0	0	0	0	0	0	6	9	9	0	0	0	0	10	0	7	0	7	0	0	0	0	6	0	0	0	0	8	0	0	8	0	9	0	0	0	9	0	0	6	0	6	0	0	6	0
0	0	7	7	0	0	0	0	0	8	0	6	8	0	8	0	0	0	0	0	0	9	8	0	0	0	0	10	0	0	0	0	8	0	0	0	6	0	0	0	7	0	7	0	0	9	10	0	0	0	9	0	0	0	0	0	0	6	0	0	0	9	0	0	0	10	0	0	0	0	0	0	7	0	7	0	0	10	0	0	0	0	8	0	0	10	0	0	0	9	0	8	0	7	0	0	0	0	0	9	0	0
0	0	0	0	0	0	0	6	8	0	9	0	0	6	0	0	6	9	7	0	10	0	0	8	7	0	0	0	0	0	9	0	0	0	0	0	0	9	0	8	0	0	0	0	6	0	0	0	6	7	0	7	0	0	0	0	9	0	8	9	7	0	0	0	0	0	6	10	10	0	9	0	0	0	0	8	6	0	0	9	7	6	0	0	8	0	0	7	0	0	9	0	0	0	7	0	10	0	6	0	0	0
0	0	5	3	0	0	0	3	4	5	3	3	3	4	1	0	4	3	2	0	4	1	3	2	2	0	0	1	0	0	4	0	5	0	0	0	5	2	0	4	2	0	1	0	4	2	2	0	1	4	1	3	0	0	0	0	2	3	2	1	2	4	0	0	0	2	3	5	4	0	1	0	4	0	1	5	3	1	0	5	3	1	2	0	1	1	0	2	0	1	3	3	0	2	5	0	2	0	1	4	0	0
0	1	3	2	5	1	5	0	0	2	0	1	2	0	2	2	0	0	0	4	0	4	5	0	0	4	3	3	2	5	0	1	2	1	5	2	2	0	4	0	1	4	1	2	0	3	3	5	0	0	1	0	4	1	5	5	0	5	0	0	0	2	1	5	4	3	0	0	0	1	0	4	4	1	1	0	0	3	1	0	0	0	1	3	0	2	5	0	3	2	0	5	4	5	0	1	0	3	0	1	2	0
0	7	0	0	9	6	8	0	0	0	0	0	0	0	0	7	0	0	0	10	0	0	0	0	0	6	9	0	10	10	0	7	0	6	7	7	0	0	7	0	0	6	0	6	0	0	0	6	0	0	0	0	10	7	10	9	0	0	0	0	0	0	10	10	6	0	0	0	0	7	0	10	0	8	0	0	0	0	9	0	0	0	0	8	0	0	9	0	7	0	0	0	8	0	0	10	0	9	0	0	7	0
0	7	0	0	4	3	4	4	6	0	7	0	0	7	0	4	7	6	5	6	7	0	0	7	7	6	5	0	6	3	5	7	0	5	7	6	0	5	6	7	0	4	0	4	6	0	0	6	3	3	0	6	7	5	4	5	4	0	4	6	7	0	3	5	7	0	7	3	6	4	7	4	0	3	0	4	4	0	7	6	7	4	0	5	3	0	4	3	5	0	4	0	5	0	6	4	5	5	4	0	3	0
0	0	4	3	0	0	0	6	7	3	7	3	6	7	4	0	7	6	7	0	3	6	7	4	7	0	0	6	0	0	3	0	3	0	0	0	6	6	0	4	5	0	7	0	7	6	4	0	3	5	7	4	0	0	0	0	6	3	5	4	5	3	0	0	0	7	5	7	6	0	6	0	5	0	6	7	4	6	0	4	4	4	3	0	7	4	0	4	0	4	7	4	0	5	6	0	6	0	3	7	0	0
0	0	4	6	0	0	0	4	4	7	4	3	3	5	5	0	3	6	6	0	5	4	3	3	7	0	0	6	0	0	3	0	4	0	0	0	4	3	0	5	5	0	6	0	5	5	5	0	7	7	7	6	0	0	0	0	7	3	6	5	4	4	0	0	0	6	4	3	5	0	4	0	7	0	3	5	3	4	0	3	5	5	5	0	6	6	0	5	0	5	5	6	0	6	4	0	3	0	3	7	0	0
0	1	0	0	3	1	5	1	3	0	3	0	0	5	0	5	3	3	2	5	3	0	0	2	2	1	3	0	5	5	5	5	0	2	2	2	0	3	2	5	0	3	0	5	4	0	0	2	5	4	0	4	4	1	4	1	1	0	1	4	5	0	3	3	1	0	5	5	3	3	5	5	0	1	0	3	4	0	5	3	4	1	0	5	3	0	4	2	1	0	4	0	5	0	5	3	1	2	4	0	4	0
0	6	6	5	5	4	7	0	0	7	0	5	4	0	7	3	0	0	0	5	0	4	4	0	0	5	4	4	6	5	0	7	7	4	6	6	7	0	7	0	3	5	3	7	0	7	5	3	0	0	3	0	4	7	7	7	0	3	0	0	0	6	6	6	5	7	0	0	0	4	0	7	3	6	4	0	0	6	4	0	0	0	5	7	0	6	6	0	5	4	0	7	3	5	0	7	0	7	0	6	7	0
0	0	3	5	0	0	0	3	4	3	7	3	4	6	3	0	4	7	4	0	6	7	3	3	3	0	0	4	0	0	6	0	4	0	0	0	6	4	0	6	7	0	4	0	5	7	7	0	5	5	3	5	0	0	0	0	4	6	4	5	7	7	0	0	0	5	7	5	3	0	7	0	4	0	4	7	7	4	0	7	5	3	4	0	6	5	0	7	0	5	3	6	0	3	6	0	6	0	7	4	0	0
0	0	9	6	0	0	0	0	0	7	0	10	7	0	10	0	0	0	0	0	0	9	10	0	0	0	0	9	0	0	0	0	9	0	0	0	9	0	0	0	6	0	7	0	0	7	7	0	0	0	9	0	0	0	0	0	0	7	0	0	0	10	0	0	0	7	0	0	0	0	0	0	7	0	6	0	0	7	0	0	0	0	6	0	0	9	0	0	0	8	0	6	0	8	0	0	0	0	0	9	0	0
0	0	6	7	0	0	0	0	0	9	0	9	6	0	9	0	0	0	0	0	0	10	6	0	0	0	0	7	0	0	0	0	10	0	0	0	10	0	0	0	6	0	9	0	0	10	6	0	0	0	7	0	0	0	0	0	0	6	0	0	0	9	0	0	0	6	0	0	0	0	0	0	8	0	10	0	0	6	0	0	0	0	6	0	0	10	0	0	0	10	0	7	0	9	0	0	0	0	0	8	0	0
0	0	1	1	0	0	0	2	5	5	1	3	4	5	2	0	3	2	3	0	4	1	1	2	3	0	0	1	0	0	2	0	5	0	0	0	3	5	0	2	4	0	3	0	4	5	1	0	4	2	1	2	0	0	0	0	4	5	5	2	4	1	0	0	0	3	4	1	3	0	1	0	4	0	5	2	3	4	0	1	1	2	2	0	3	1	0	4	0	2	3	5	0	3	4	0	2	0	3	3	0	0
0	7	4	6	6	4	3	0	0	4	0	3	3	0	7	5	0	0	0	5	0	6	3	0	0	5	7	7	3	6	0	6	5	5	7	5	3	0	6	0	6	6	5	7	0	4	4	3	0	0	6	0	5	7	6	5	0	6	0	0	0	3	4	6	3	3	0	0	0	6	0	7	3	5	6	0	0	5	4	0	0	0	6	7	0	5	6	0	7	3	0	5	5	6	0	4	0	5	0	5	3	0
0	0	3	2	0	0	0	1	3	2	5	4	2	4	4	0	2	3	2	0	5	2	5	1	3	0	0	4	0	0	5	0	4	0	0	0	5	3	0	1	2	0	4	0	4	2	5	0	1	5	4	5	0	0	0	0	3	2	5	2	4	3	0	0	0	1	2	3	3	0	2	0	5	0	3	1	1	2	0	3	2	2	3	0	3	3	0	4	0	4	5	5	0	2	2	0	3	0	1	4	0	0
0	4	0	0	1	4	4	2	5	0	4	0	0	4	0	4	2	4	5	5	4	0	0	5	4	4	1	0	5	4	1	2	0	2	1	5	0	2	2	2	0	4	0	4	4	0	0	2	2	4	0	4	4	2	2	2	2	0	2	5	1	0	4	3	4	0	5	1	5	5	1	5	0	3	0	3	4	0	4	3	3	4	0	4	5	0	4	1	5	0	1	0	1	0	4	5	2	1	1	0	5	0
0	5	2	1	5	2	3	0	0	3	0	1	1	0	3	5	0	0	0	4	0	5	4	0	0	1	5	5	2	4	0	1	4	2	2	2	4	0	1	0	1	2	4	1	0	4	4	5	0	0	3	0	2	3	2	2	0	5	0	0	0	3	1	4	3	4	0	0	0	1	0	1	1	3	3	0	0	1	4	0	0	0	4	1	0	4	2	0	5	5	0	5	4	3	0	5	0	2	0	1	5	0



travel time=
0	43	28	36	30	28	41	39	30	28	30	46	39	43	33	27	36	37	42	46	29	48	29	41	42	27	31	18	38	32	21	40	36	40	17	25	33	48	28	36	30	31	25	53	27	46	37	37	47	31	25	44	43	34	38	25	40	36	25	40	28	34	30	27	26	33	40	43	48	30	35	29	25	30	41	34	23	40	33	25	40	31	23	38	41	23	32	29	24	50	36	29	40	28	35	33	28	31	40	39	22	0
43	0	30	7	29	14	5	4	15	27	26	8	34	17	22	24	12	7	32	23	15	16	18	27	17	33	12	29	21	13	27	32	14	8	28	19	26	6	29	21	25	12	25	16	15	3	8	20	28	16	34	30	21	17	21	18	25	11	26	12	39	25	25	31	18	33	21	22	6	22	27	15	17	18	27	9	22	12	15	22	2	13	24	4	21	22	31	15	23	17	21	16	3	19	21	15	14	25	9	3	23	43
28	30	0	24	2	21	26	29	29	3	4	38	11	41	9	6	32	23	14	47	26	44	30	14	40	2	23	11	40	29	9	12	34	34	13	15	7	36	2	12	37	22	7	46	19	32	31	13	20	31	4	17	19	35	13	24	13	31	6	36	9	8	5	1	15	6	15	18	36	9	8	17	21	12	14	25	11	36	15	10	28	26	9	28	16	12	4	19	9	45	12	15	30	12	11	33	20	6	22	28	12	28
36	7	24	0	23	8	5	5	12	21	20	14	29	19	16	18	11	2	28	25	10	20	15	23	19	26	6	22	21	10	20	27	13	10	21	12	21	13	22	16	23	6	18	22	9	10	8	16	25	14	27	26	19	16	17	12	21	10	19	13	32	20	19	25	11	28	17	20	13	16	21	8	11	12	23	4	16	13	10	15	4	9	18	4	17	15	25	8	17	22	16	9	6	12	16	14	8	20	7	4	16	36
30	29	2	23	0	22	25	29	29	3	3	37	9	41	8	7	32	22	12	47	26	43	31	12	41	4	23	13	41	29	11	10	34	33	15	15	4	35	2	10	38	21	8	45	19	31	30	11	18	31	7	14	16	35	11	24	11	31	7	36	10	6	4	3	16	4	13	15	35	8	6	17	22	12	12	25	12	36	14	11	27	27	10	27	14	13	2	19	10	45	10	15	29	12	9	33	20	4	21	27	13	30
28	14	21	8	22	0	13	11	8	19	19	19	30	20	16	15	11	10	29	26	4	23	10	25	19	23	2	16	19	7	15	28	12	13	15	7	21	20	20	18	18	2	15	26	2	17	10	18	29	10	24	29	23	13	19	5	23	10	16	15	29	20	18	22	6	26	21	23	20	14	22	5	3	11	25	6	11	15	11	11	12	5	13	10	21	10	24	3	13	25	18	8	12	10	18	11	2	19	14	11	11	28
41	5	26	5	25	13	0	7	16	23	22	13	29	21	17	20	14	3	27	27	15	20	19	22	21	28	11	26	24	14	24	27	17	12	25	16	22	10	24	16	27	10	20	21	13	6	10	15	23	18	29	25	17	20	16	17	20	13	22	15	34	20	21	27	15	29	16	18	10	17	22	12	16	14	22	9	19	15	11	18	3	13	21	6	16	19	26	12	20	22	16	12	7	15	16	18	12	21	4	4	20	41
39	4	29	5	29	11	7	0	11	26	26	9	35	14	22	23	8	7	33	21	11	15	14	28	14	32	9	27	18	9	25	32	10	5	26	17	26	9	28	21	22	9	23	16	13	7	4	21	29	12	32	31	23	13	22	14	26	7	25	9	38	25	25	30	16	33	22	24	9	21	27	13	14	17	28	6	21	9	15	20	3	9	23	2	22	20	31	12	22	16	21	15	1	18	21	12	12	25	11	2	21	39
30	15	29	12	29	8	16	11	0	26	27	16	37	13	24	23	6	14	37	19	3	18	3	33	12	31	7	22	11	2	22	36	5	10	21	14	29	19	28	25	11	9	22	22	10	19	8	25	36	2	31	36	30	6	26	6	31	5	23	9	37	27	26	29	14	34	28	30	19	22	30	13	8	19	33	8	18	9	19	19	14	3	20	11	28	17	31	11	20	20	25	15	12	18	25	4	10	27	19	12	18	30
28	27	3	21	3	19	23	26	26	0	2	35	12	38	7	3	29	20	14	44	23	41	28	13	38	5	20	10	38	26	8	13	31	31	12	12	5	33	2	10	35	19	4	42	16	29	28	11	19	28	7	16	17	32	11	21	12	28	3	33	12	6	2	4	12	8	13	16	33	5	7	14	19	9	13	22	9	33	12	8	25	23	7	25	14	10	5	16	7	42	10	12	27	9	9	30	17	3	20	25	10	28
30	26	4	20	3	19	22	26	27	2	0	34	11	38	5	4	29	19	12	45	23	40	29	11	38	7	21	12	38	26	10	11	31	30	14	13	3	32	3	8	36	19	6	42	17	28	27	9	17	29	9	14	14	33	9	22	10	28	5	33	13	3	1	6	13	7	11	13	32	5	5	14	20	9	11	22	10	33	11	9	24	24	8	24	12	11	5	16	8	42	8	12	26	9	7	30	17	1	18	24	11	30
46	8	38	14	37	19	13	9	16	35	34	0	42	11	30	32	11	15	41	16	18	8	19	35	12	40	17	35	17	14	34	40	12	7	34	25	34	6	36	29	24	18	32	8	21	9	9	28	36	17	41	38	29	15	29	21	33	11	33	8	46	33	33	39	25	41	29	31	6	29	35	22	22	25	35	14	29	8	23	29	10	16	31	10	29	28	39	21	30	9	29	23	8	26	29	15	20	33	18	10	29	46
39	34	11	29	9	30	29	35	37	12	11	42	0	48	13	15	39	28	4	55	34	49	39	9	48	12	31	22	49	37	20	3	41	40	24	24	9	39	12	14	47	29	17	50	27	35	37	14	13	40	14	9	16	43	13	33	10	38	16	42	13	10	12	12	24	6	14	14	39	15	8	24	31	19	9	32	21	42	20	20	32	34	19	33	15	22	7	26	19	51	14	22	35	20	13	41	27	11	25	33	22	39
43	17	41	19	41	20	21	14	13	38	38	11	48	0	34	35	9	21	47	7	16	7	14	42	1	43	18	36	7	12	35	46	8	9	34	27	39	17	40	35	15	20	34	12	22	19	11	34	44	12	43	45	37	8	36	19	40	10	36	6	49	38	37	42	26	45	36	38	17	33	40	24	21	29	42	16	31	6	28	31	17	15	33	15	36	30	43	22	32	8	35	26	14	29	35	9	22	38	25	16	30	43
33	22	9	16	8	16	17	22	24	7	5	30	13	34	0	6	26	15	13	41	21	36	26	10	34	12	18	15	35	23	12	12	28	26	16	12	5	27	8	3	34	15	7	37	14	23	23	4	15	26	13	13	11	30	5	20	8	25	8	29	18	3	4	10	11	12	7	10	27	3	6	11	18	5	10	18	10	29	6	9	19	21	9	20	8	11	9	13	9	38	3	9	22	7	2	27	14	4	13	20	12	33
27	24	6	18	7	15	20	23	23	3	4	32	15	35	6	0	26	17	17	41	19	37	24	15	34	9	17	9	34	22	6	15	27	27	10	9	7	30	5	9	32	15	2	39	13	26	24	10	20	25	9	18	17	29	11	18	13	25	2	29	15	7	3	7	9	11	13	16	30	3	9	10	15	6	15	19	6	29	9	4	22	20	4	22	14	7	9	12	3	39	9	9	24	5	8	27	13	5	17	22	7	27
36	12	32	11	32	11	14	8	6	29	29	11	39	9	26	26	0	13	39	15	8	13	8	34	8	34	9	27	10	4	26	38	2	4	26	18	31	15	31	26	14	11	25	17	13	15	4	26	36	6	34	37	30	5	27	11	32	1	27	4	40	29	28	33	17	37	28	31	15	25	31	16	12	21	34	8	22	4	20	22	11	6	24	8	28	21	34	14	24	14	26	18	9	20	27	4	13	29	18	10	22	36
37	7	23	2	22	10	3	7	14	20	19	15	28	21	15	17	13	0	26	27	12	21	17	21	21	26	9	22	23	12	21	26	16	12	22	13	20	13	22	14	25	7	18	22	10	9	10	14	23	16	27	24	16	18	15	14	19	12	19	15	32	18	19	24	12	26	15	17	13	15	20	9	13	11	21	6	16	15	9	15	5	11	18	6	15	16	24	9	17	23	14	9	7	12	15	16	9	19	5	5	17	37
42	32	14	28	12	29	27	33	37	14	12	41	4	47	13	17	39	26	0	53	34	48	39	5	47	15	31	24	48	36	22	2	41	38	26	25	9	37	14	12	47	28	18	48	27	33	36	12	9	39	17	4	12	43	11	33	7	37	18	41	17	10	13	15	24	10	11	11	37	16	8	24	31	19	5	31	22	41	19	21	30	34	20	32	12	23	10	26	20	49	12	22	33	20	12	40	27	12	23	31	23	42
46	23	47	25	47	26	27	21	19	44	45	16	55	7	41	41	15	27	53	0	22	9	19	49	7	49	24	41	9	19	41	53	14	15	40	33	46	22	46	41	17	26	40	15	28	25	18	41	50	17	49	52	44	13	42	25	46	16	42	12	55	45	44	48	32	52	43	45	22	40	47	31	27	36	49	23	37	12	35	37	24	21	39	22	43	36	49	29	39	9	41	33	21	36	42	15	28	44	32	23	36	46
29	15	26	10	26	4	15	11	3	23	23	18	34	16	21	19	8	12	34	22	0	21	6	30	16	27	4	19	15	4	19	33	9	11	18	11	25	20	24	22	14	6	19	25	7	18	9	22	33	6	27	33	27	9	23	3	28	7	20	12	33	24	22	26	10	30	25	28	20	19	26	10	5	15	30	6	15	12	16	15	13	2	17	10	25	14	28	8	17	22	22	12	12	14	22	7	7	23	17	12	14	29
48	16	44	20	43	23	20	15	18	41	40	8	49	7	36	37	13	21	48	9	21	0	19	42	8	46	21	40	13	17	39	47	13	10	38	30	41	13	42	36	22	22	37	6	25	16	13	35	43	17	46	45	37	14	36	24	40	13	39	9	52	40	39	44	29	48	37	38	13	35	41	27	25	31	42	19	34	9	30	34	17	19	36	16	36	33	45	25	36	2	36	29	14	32	36	15	25	40	25	17	34	48
29	18	30	15	31	10	19	14	3	28	29	19	39	14	26	24	8	17	39	19	6	19	0	35	13	32	9	23	10	5	23	38	7	12	21	16	31	22	29	28	8	11	24	24	12	22	11	28	39	2	32	39	32	5	29	7	33	8	25	11	38	29	27	31	15	36	30	33	22	24	32	15	9	21	35	11	19	11	21	20	17	6	22	14	31	18	33	13	21	21	28	17	15	20	27	4	12	28	22	16	19	29
41	27	14	23	12	25	22	28	33	13	11	35	9	42	10	15	34	21	5	49	30	42	35	0	42	16	26	23	44	32	21	5	36	33	25	21	8	31	14	8	43	24	16	42	24	27	31	8	6	35	18	3	7	38	7	29	2	33	16	36	20	8	12	15	21	12	6	5	31	13	6	20	27	15	0	26	20	36	14	18	25	30	19	27	6	21	11	22	18	44	8	18	28	17	8	36	23	10	18	26	21	41
42	17	40	19	41	19	21	14	12	38	38	12	48	1	34	34	8	21	47	7	16	8	13	42	0	42	17	35	6	12	34	46	7	9	33	26	39	17	39	34	14	19	34	13	22	19	11	34	44	11	43	45	37	7	35	19	40	9	35	5	48	38	37	41	25	45	36	38	17	33	40	24	20	29	42	16	30	5	28	30	18	14	32	15	36	29	43	22	32	9	34	26	14	29	35	9	21	37	25	16	30	42
27	33	2	26	4	23	28	32	31	5	7	40	12	43	12	9	34	26	15	49	27	46	32	16	42	0	25	11	42	31	10	13	36	36	13	17	9	38	4	15	39	24	9	48	21	34	33	16	22	33	2	18	21	37	15	25	15	33	7	38	6	10	7	2	17	5	17	20	38	11	10	19	23	15	16	27	13	38	17	12	30	28	10	30	19	14	5	21	11	47	15	17	32	14	13	35	22	8	25	30	13	27
31	12	23	6	23	2	11	9	7	20	21	17	31	18	18	17	9	9	31	24	4	21	9	26	17	25	0	19	18	6	18	30	10	11	18	9	22	17	22	19	18	2	17	24	5	15	8	19	29	9	26	30	23	12	20	6	24	8	18	12	31	21	20	24	9	28	21	24	17	16	23	7	5	12	26	3	13	12	12	13	10	3	16	8	21	12	26	5	15	22	19	9	10	12	19	10	4	20	13	9	13	31
18	29	11	22	13	16	26	27	22	10	12	35	22	36	15	9	27	22	24	41	19	40	23	23	35	11	19	0	33	23	2	23	28	30	2	10	15	35	10	18	29	18	7	43	14	32	27	19	29	24	10	26	25	28	20	16	22	26	7	31	15	16	12	10	11	16	22	25	35	12	17	14	15	13	23	22	7	31	16	8	27	21	6	25	23	7	15	15	7	41	18	13	28	11	17	26	15	13	24	26	6	18
38	21	40	21	41	19	24	18	11	38	38	17	49	7	35	34	10	23	48	9	15	13	10	44	6	42	18	33	0	12	33	47	8	13	31	26	40	22	39	36	9	20	33	19	21	24	14	36	46	9	42	47	40	6	37	17	41	11	35	9	48	39	37	41	25	45	38	41	22	33	41	24	19	30	44	17	29	9	29	30	21	14	32	18	38	28	43	22	31	14	36	27	18	29	36	8	21	38	28	20	29	38
32	13	29	10	29	7	14	9	2	26	26	14	37	12	23	22	4	12	36	19	4	17	5	32	12	31	6	23	12	0	22	35	5	8	22	14	28	17	27	24	13	8	22	21	10	16	6	24	34	4	31	35	28	7	25	7	29	3	23	8	37	27	25	29	14	33	26	29	17	21	29	12	9	18	32	6	18	8	17	19	12	2	21	9	27	17	31	10	20	18	24	15	10	17	24	4	9	26	17	10	18	32
21	27	9	20	11	15	24	25	22	8	10	34	20	35	12	6	26	21	22	41	19	39	23	21	34	10	18	2	33	22	0	21	27	29	4	9	13	33	8	16	29	16	5	41	13	30	26	17	26	24	9	24	23	28	17	16	19	25	5	30	15	13	9	9	9	15	20	22	33	9	15	12	14	11	21	20	5	30	14	6	25	20	3	24	20	5	13	13	4	40	16	11	26	9	15	26	14	11	22	24	5	21
40	32	12	27	10	28	27	32	36	13	11	40	3	46	12	15	38	26	2	53	33	47	38	5	46	13	30	23	47	35	21	0	40	38	25	23	8	36	12	11	46	27	17	47	26	32	35	12	10	38	16	5	12	42	11	32	7	37	16	40	16	9	12	13	23	8	11	11	36	14	7	23	30	17	5	30	21	40	18	19	30	33	19	31	12	22	9	25	19	48	11	21	33	19	11	39	26	10	22	30	22	40
36	14	34	13	34	12	17	10	5	31	31	12	41	8	28	27	2	16	41	14	9	13	7	36	7	36	10	28	8	5	27	40	0	6	26	19	33	17	32	28	12	12	27	18	15	17	6	28	38	4	36	39	32	3	29	12	34	3	28	4	42	31	30	34	19	38	31	33	17	26	33	17	13	22	36	10	23	4	22	23	14	7	25	11	31	22	36	15	25	14	28	19	11	22	29	2	14	31	20	12	23	36
40	8	34	10	33	13	12	5	10	31	30	7	40	9	26	27	4	12	38	15	11	10	12	33	9	36	11	30	13	8	29	38	6	0	28	20	31	10	32	26	18	12	27	13	16	11	3	26	35	10	36	36	28	9	27	15	31	4	29	3	42	30	29	34	19	38	28	30	10	25	32	17	16	22	33	9	24	3	20	24	9	9	26	7	27	23	35	15	25	12	26	19	6	22	27	8	15	30	16	8	24	40
17	28	13	21	15	15	25	26	21	12	14	34	24	34	16	10	26	22	26	40	18	38	21	25	33	13	18	2	31	22	4	25	26	28	0	9	17	34	12	19	27	17	9	42	13	31	25	20	30	22	12	28	26	26	21	15	23	25	9	29	18	17	13	12	10	18	23	26	34	13	19	13	13	13	25	20	7	29	17	8	26	19	6	25	24	7	17	14	7	40	19	13	27	11	18	25	14	15	24	25	5	17
25	19	15	12	15	7	16	17	14	12	13	25	24	27	12	9	18	13	25	33	11	30	16	21	26	17	9	10	26	14	9	23	19	20	9	0	15	25	13	14	23	8	8	33	5	22	17	15	26	16	17	25	21	20	16	9	20	17	9	22	22	15	12	15	1	20	18	21	25	9	17	4	7	7	21	12	4	22	9	4	17	12	6	16	19	3	18	5	6	32	14	5	18	5	14	18	5	13	16	16	4	25
33	26	7	21	4	21	22	26	29	5	3	34	9	39	5	7	31	20	9	46	25	41	31	8	39	9	22	15	40	28	13	8	33	31	17	15	0	32	6	6	38	20	9	42	19	28	28	7	14	31	11	11	12	34	7	24	7	30	9	34	14	2	4	8	15	7	9	11	32	7	2	15	22	10	8	23	13	34	11	11	24	25	11	25	10	14	5	18	11	42	6	13	27	11	5	32	19	2	18	25	14	33
48	6	36	13	35	20	10	9	19	33	32	6	39	17	27	30	15	13	37	22	20	13	22	31	17	38	17	35	22	17	33	36	17	10	34	25	32	0	34	26	28	18	30	11	21	4	11	25	31	20	39	34	25	20	26	23	29	14	32	13	44	30	31	37	24	39	25	26	0	27	32	21	23	24	31	14	28	13	21	28	8	18	30	10	25	28	36	20	29	14	26	22	8	25	26	19	20	31	14	9	29	48
28	29	2	22	2	20	24	28	28	2	3	36	12	40	8	5	31	22	14	46	24	42	29	14	39	4	22	10	39	27	8	12	32	32	12	13	6	34	0	11	36	20	6	44	18	31	29	12	20	30	6	16	18	33	12	22	13	30	4	34	10	7	3	2	14	7	14	17	34	7	7	15	20	11	14	24	10	34	13	9	26	25	8	26	15	11	4	17	8	44	11	13	29	10	10	31	18	4	21	26	11	28
36	21	12	16	10	18	16	21	25	10	8	29	14	35	3	9	26	14	12	41	22	36	28	8	34	15	19	18	36	24	16	11	28	26	19	14	6	26	11	0	36	16	11	36	16	22	24	1	12	27	17	11	7	31	2	22	6	25	11	29	20	5	8	13	14	13	4	7	26	6	6	12	20	7	8	19	13	29	7	12	19	22	13	20	5	14	11	15	12	37	0	10	21	9	1	28	16	7	12	19	15	36
30	25	37	23	38	18	27	22	11	35	36	24	47	15	34	32	14	25	47	17	14	22	8	43	14	39	18	29	9	13	29	46	12	18	27	23	38	28	36	36	0	20	31	28	20	29	18	36	47	9	38	47	41	9	37	14	41	15	32	16	44	37	35	37	23	43	39	41	28	32	39	23	16	29	43	19	26	16	29	27	25	15	29	22	39	25	40	21	28	23	36	25	22	27	36	10	20	36	30	23	25	30
31	12	22	6	21	2	10	9	9	19	19	18	29	20	15	15	11	7	28	26	6	22	11	24	19	24	2	18	20	8	16	27	12	12	17	8	20	18	20	16	20	0	15	25	3	15	9	17	27	11	24	27	21	14	18	7	22	10	16	14	30	19	18	22	7	26	19	22	18	14	21	5	6	10	24	4	12	14	10	12	10	5	14	8	19	11	23	3	13	24	16	7	10	10	16	12	2	18	12	9	12	31
25	25	7	18	8	15	20	23	22	4	6	32	17	34	7	2	25	18	18	40	19	37	24	16	34	9	17	7	33	22	5	17	27	27	9	8	9	30	6	11	31	15	0	39	12	27	24	12	22	24	9	19	18	28	12	17	15	25	2	29	15	9	5	7	8	12	15	18	30	4	10	10	15	7	16	19	4	29	10	3	22	20	2	22	16	5	10	12	2	39	11	9	24	5	10	26	13	6	18	22	6	25
53	16	46	22	45	26	21	16	22	42	42	8	50	12	37	39	17	22	48	15	25	6	24	42	13	48	24	43	19	21	41	47	18	13	42	33	42	11	44	36	28	25	39	0	28	15	16	36	42	22	49	45	36	20	37	28	40	17	41	13	54	41	41	46	32	49	37	38	11	37	42	29	29	33	42	21	37	13	31	36	18	22	39	18	36	36	47	28	38	5	36	31	15	34	37	20	28	41	25	18	37	53
27	15	19	9	19	2	13	13	10	16	17	21	27	22	14	13	13	10	27	28	7	25	12	24	22	21	5	14	21	10	13	26	15	16	13	5	19	21	18	16	20	3	12	28	0	19	12	16	27	12	21	27	22	16	17	6	21	12	14	17	27	17	16	20	4	24	19	22	21	12	20	3	4	9	24	7	9	17	10	9	13	7	11	11	20	8	21	2	10	27	16	6	14	8	16	14	1	17	14	12	9	27
46	3	32	10	31	17	6	7	19	29	28	9	35	19	23	26	15	9	33	25	18	16	22	27	19	34	15	32	24	16	30	32	17	11	31	22	28	4	31	22	29	15	27	15	19	0	11	21	27	20	36	30	21	20	22	21	25	14	28	14	41	26	27	33	21	35	22	22	4	24	28	18	21	20	27	12	25	14	17	25	5	16	27	8	21	25	32	18	26	17	22	19	6	21	22	19	17	27	10	7	26	46
37	8	31	8	30	10	10	4	8	28	27	9	37	11	23	24	4	10	36	18	9	13	11	31	11	33	8	27	14	6	26	35	6	3	25	17	28	11	29	24	18	9	24	16	12	11	0	23	33	9	33	34	26	9	24	12	29	3	26	6	39	27	26	31	16	35	25	27	11	22	29	14	13	19	31	5	21	6	17	21	7	7	23	4	25	20	32	12	22	15	24	16	5	19	24	8	12	27	14	6	21	37
37	20	13	16	11	18	15	21	25	11	9	28	14	34	4	10	26	14	12	41	22	35	28	8	34	16	19	19	36	24	17	12	28	26	20	15	7	25	12	1	36	17	12	36	16	21	23	0	11	27	18	11	6	31	1	22	5	25	12	29	21	6	9	14	14	14	3	6	25	7	7	13	20	8	8	19	14	29	7	12	18	22	14	19	4	15	12	15	13	37	1	11	21	10	2	28	16	8	11	19	16	37
47	28	20	25	18	29	23	29	36	19	17	36	13	44	15	20	36	23	9	50	33	43	39	6	44	22	29	29	46	34	26	10	38	35	30	26	14	31	20	12	47	27	22	42	27	27	33	11	0	38	24	4	7	41	10	33	7	35	22	38	25	13	17	21	25	18	8	6	31	18	12	24	31	19	6	29	25	38	18	23	26	33	24	28	8	26	17	26	23	45	12	22	30	21	12	39	27	16	19	27	26	47
31	16	31	14	31	10	18	12	2	28	29	17	40	12	26	25	6	16	39	17	6	17	2	35	11	33	9	24	9	4	24	38	4	10	22	16	31	20	30	27	9	11	24	22	12	20	9	27	38	0	33	38	32	4	29	8	33	6	26	9	39	30	28	31	16	36	30	33	20	24	32	15	10	21	35	10	20	9	21	21	15	6	22	12	30	19	34	13	22	19	27	17	13	20	27	2	12	29	21	14	20	31
25	34	4	27	7	24	29	32	31	7	9	41	14	43	13	9	34	27	17	49	27	46	32	18	43	2	26	10	42	31	9	16	36	36	12	17	11	39	6	17	38	24	9	49	21	36	33	18	24	33	0	20	23	37	17	25	18	34	8	38	6	12	9	3	17	8	20	22	39	12	12	19	23	16	18	28	13	38	19	12	31	28	10	31	21	14	7	21	11	48	17	18	33	15	15	35	22	10	26	31	13	25
44	30	17	26	14	29	25	31	36	16	14	38	9	45	13	18	37	24	4	52	33	45	39	3	45	18	30	26	47	35	24	5	39	36	28	25	11	34	16	11	47	27	19	45	27	30	34	11	4	38	20	0	9	42	10	33	6	36	19	40	21	11	15	18	25	13	9	7	34	16	9	24	31	18	3	29	23	40	18	22	28	33	22	30	9	24	13	26	21	47	11	21	31	20	11	39	27	13	20	29	25	44
43	21	19	19	16	23	17	23	30	17	14	29	16	37	11	17	30	16	12	44	27	37	32	7	37	21	23	25	40	28	23	12	32	28	26	21	12	25	18	7	41	21	18	36	22	21	26	6	7	32	23	9	0	34	6	27	6	29	19	32	25	11	15	20	20	18	3	2	25	14	11	18	25	14	7	22	20	32	12	19	20	26	20	22	2	21	17	20	19	38	7	16	23	16	8	32	21	13	12	21	22	43
34	17	35	16	35	13	20	13	6	32	33	15	43	8	30	29	5	18	43	13	9	14	5	38	7	37	12	28	6	7	28	42	3	9	26	20	34	20	33	31	9	14	28	20	16	20	9	31	41	4	37	42	34	0	32	12	36	6	29	7	42	33	31	35	20	40	33	35	20	28	35	19	14	24	38	12	24	7	24	25	17	9	26	14	33	23	37	17	26	16	31	21	14	24	31	2	16	32	23	15	23	34
38	21	13	17	11	19	16	22	26	11	9	29	13	36	5	11	27	15	11	42	23	36	29	7	35	15	20	20	37	25	17	11	29	27	21	16	7	26	12	2	37	18	12	37	17	22	24	1	10	29	17	10	6	32	0	23	4	26	13	30	21	6	9	14	15	14	2	5	26	8	6	14	21	9	7	20	15	30	8	13	19	23	14	20	3	15	12	16	13	38	2	12	22	11	2	29	17	8	12	20	16	38
25	18	24	12	24	5	17	14	6	21	22	21	33	19	20	18	11	14	33	25	3	24	7	29	19	25	6	16	17	7	16	32	12	15	15	9	24	23	22	22	14	7	17	28	6	21	12	22	33	8	25	33	27	12	23	0	27	11	18	15	31	23	21	24	9	29	25	28	23	17	25	9	2	15	29	9	12	15	16	13	16	6	15	13	25	11	26	7	15	25	22	11	15	13	21	10	6	22	19	15	12	25
40	25	13	21	11	23	20	26	31	12	10	33	10	40	8	13	32	19	7	46	28	40	33	2	40	15	24	22	41	29	19	7	34	31	23	20	7	29	13	6	41	22	15	40	21	25	29	5	7	33	18	6	6	36	4	27	0	31	15	34	20	6	10	15	19	12	4	4	29	11	6	18	25	13	2	24	18	34	12	16	23	27	17	25	5	19	11	20	16	42	6	16	26	15	6	34	21	9	16	24	19	40
36	11	31	10	31	10	13	7	5	28	28	11	38	10	25	25	1	12	37	16	7	13	8	33	9	33	8	26	11	3	25	37	3	4	25	17	30	14	30	25	15	10	25	17	12	14	3	25	35	6	34	36	29	6	26	11	31	0	26	5	39	28	27	32	16	36	27	30	14	23	30	15	12	20	33	7	21	5	19	21	10	5	23	7	27	20	33	13	23	15	25	17	8	20	25	5	12	28	17	9	21	36
25	26	6	19	7	16	22	25	23	3	5	33	16	36	8	2	27	19	18	42	20	39	25	16	35	7	18	7	35	23	5	16	28	29	9	9	9	32	4	11	32	16	2	41	14	28	26	12	22	26	8	19	19	29	13	18	15	26	0	31	13	9	5	6	10	11	15	18	32	5	10	12	16	8	16	20	6	31	11	5	24	21	3	23	16	7	9	13	3	40	11	10	26	7	10	27	14	6	19	23	7	25
40	12	36	13	36	15	15	9	9	33	33	8	42	6	29	29	4	15	41	12	12	9	11	36	5	38	12	31	9	8	30	40	4	3	29	22	34	13	34	29	16	14	29	13	17	14	6	29	38	9	38	40	32	7	30	15	34	5	31	0	44	32	32	36	21	40	31	33	13	28	34	19	16	24	36	11	26	0	23	26	12	10	28	10	31	25	38	17	27	10	29	21	9	24	29	7	16	32	20	11	25	40
28	39	9	32	10	29	34	38	37	12	13	46	13	49	18	15	40	32	17	55	33	52	38	20	48	6	31	15	48	37	15	16	42	42	18	22	14	44	10	20	44	30	15	54	27	41	39	21	25	39	6	21	25	42	21	31	20	39	13	44	0	15	13	8	23	8	22	24	44	17	15	25	29	21	20	33	19	44	23	18	36	34	16	36	24	20	9	27	17	53	20	23	39	20	19	40	28	14	31	36	19	28
34	25	8	20	6	20	20	25	27	6	3	33	10	38	3	7	29	18	10	45	24	40	29	8	38	10	21	16	39	27	13	9	31	30	17	15	2	30	7	5	37	19	9	41	17	26	27	6	13	30	12	11	11	33	6	23	6	28	9	32	15	0	4	9	14	9	8	10	30	6	2	14	21	9	8	22	12	32	10	11	23	24	11	23	9	13	6	16	10	41	5	12	25	10	4	31	17	2	16	23	14	34
30	25	5	19	4	18	21	25	26	2	1	33	12	37	4	3	28	19	13	44	22	39	27	12	37	7	20	12	37	25	9	12	30	29	13	12	4	31	3	8	35	18	5	41	16	27	26	9	17	28	9	15	15	31	9	21	10	27	5	32	13	4	0	6	12	8	11	14	31	4	5	13	19	8	12	21	9	32	10	8	23	23	7	23	12	10	6	15	7	41	8	11	26	8	7	29	16	2	18	23	10	30
27	31	1	25	3	22	27	30	29	4	6	39	12	42	10	7	33	24	15	48	26	44	31	15	41	2	24	10	41	29	9	13	34	34	12	15	8	37	2	13	37	22	7	46	20	33	31	14	21	31	3	18	20	35	14	24	15	32	6	36	8	9	6	0	16	6	16	19	37	9	9	17	22	13	15	26	11	36	16	11	29	27	9	29	17	12	5	19	9	46	13	16	31	12	12	33	20	7	23	29	12	27
26	18	15	11	16	6	15	16	14	12	13	25	24	26	11	9	17	12	24	32	10	29	15	21	25	17	9	11	25	14	9	23	19	19	10	1	15	24	14	14	23	7	8	32	4	21	16	14	25	16	17	25	20	20	15	9	19	16	10	21	23	14	12	16	0	20	17	20	24	9	17	3	7	6	21	11	5	21	9	5	16	11	7	15	18	4	18	4	6	31	14	4	17	4	13	18	5	13	15	15	5	26
33	33	6	28	4	26	29	33	34	8	7	41	6	45	12	11	37	26	10	52	30	48	36	12	45	5	28	16	45	33	15	8	38	38	18	20	7	39	7	13	43	26	12	49	24	35	35	14	18	36	8	13	18	40	14	29	12	36	11	40	8	9	8	6	20	0	15	17	39	12	7	21	27	16	12	29	16	40	18	15	31	31	14	31	16	17	2	23	14	49	13	19	34	16	12	38	24	8	25	31	17	33
40	21	15	17	13	21	16	22	28	13	11	29	14	36	7	13	28	15	11	43	25	37	30	6	36	17	21	22	38	26	20	11	31	28	23	18	9	25	14	4	39	19	15	37	19	22	25	3	8	30	20	9	3	33	2	25	4	27	15	31	22	8	11	16	17	15	0	3	25	10	8	16	23	11	6	21	17	31	9	16	19	24	17	21	1	18	13	18	16	38	4	14	22	13	5	31	19	10	12	20	19	40
43	22	18	20	15	23	18	24	30	16	13	31	14	38	10	16	31	17	11	45	28	38	33	5	38	20	24	25	41	29	22	11	33	30	26	21	11	26	17	7	41	22	18	38	22	22	27	6	6	33	22	7	2	35	5	28	4	30	18	33	24	10	14	19	20	17	3	0	26	13	10	19	26	14	5	23	20	33	12	19	21	27	20	23	2	21	15	20	19	39	7	17	24	16	8	33	21	12	13	22	22	43
48	6	36	13	35	20	10	9	19	33	32	6	39	17	27	30	15	13	37	22	20	13	22	31	17	38	17	35	22	17	33	36	17	10	34	25	32	0	34	26	28	18	30	11	21	4	11	25	31	20	39	34	25	20	26	23	29	14	32	13	44	30	31	37	24	39	25	26	0	27	32	21	23	24	31	14	28	13	21	28	8	18	30	10	25	28	36	20	29	14	26	22	8	25	26	19	20	31	14	9	29	48
30	22	9	16	8	14	17	21	22	5	5	29	15	33	3	3	25	15	16	40	19	35	24	13	33	11	16	12	33	21	9	14	26	25	13	9	7	27	7	6	32	14	4	37	12	24	22	7	18	24	12	16	14	28	8	17	11	23	5	28	17	6	4	9	9	12	10	13	27	0	8	9	15	4	13	17	7	28	6	5	19	19	6	19	11	8	10	11	5	37	6	7	22	4	5	26	12	4	14	19	9	30
35	27	8	21	6	22	22	27	30	7	5	35	8	40	6	9	31	20	8	47	26	41	32	6	40	10	23	17	41	29	15	7	33	32	19	17	2	32	7	6	39	21	10	42	20	28	29	7	12	32	12	9	11	35	6	25	6	30	10	34	15	2	5	9	17	7	8	10	32	8	0	16	23	11	6	24	14	34	12	13	25	26	13	25	9	15	6	19	12	43	6	14	27	12	5	33	20	4	18	25	16	35
29	15	17	8	17	5	12	13	13	14	14	22	24	24	11	10	16	9	24	31	10	27	15	20	24	19	7	14	24	12	12	23	17	17	13	4	15	21	15	12	23	5	10	29	3	18	14	13	24	15	19	24	18	19	14	9	18	15	12	19	25	14	13	17	3	21	16	19	21	9	16	0	7	5	20	9	7	19	6	7	13	10	9	12	16	7	19	2	9	29	12	2	14	5	12	17	3	13	11	12	8	29
25	17	21	11	22	3	16	14	8	19	20	22	31	21	18	15	12	13	31	27	5	25	9	27	20	23	5	15	19	9	14	30	13	16	13	7	22	23	20	20	16	6	15	29	4	21	13	20	31	10	23	31	25	14	21	2	25	12	16	16	29	21	19	22	7	27	23	26	23	15	23	7	0	12	27	9	10	16	14	11	15	6	13	13	23	9	24	5	12	27	20	9	15	11	19	12	5	20	17	14	10	25
30	18	12	12	12	11	14	17	19	9	9	25	19	29	5	6	21	11	19	36	15	31	21	15	29	15	12	13	30	18	11	17	22	22	13	7	10	24	11	7	29	10	7	33	9	20	19	8	19	21	16	18	14	24	9	15	13	20	8	24	21	9	8	13	6	16	11	14	24	4	11	5	12	0	15	13	7	24	3	6	16	15	8	16	12	7	14	8	7	33	7	3	18	2	7	22	9	8	11	15	8	30
41	27	14	23	12	25	22	28	33	13	11	35	9	42	10	15	34	21	5	49	30	42	35	0	42	16	26	23	44	32	21	5	36	33	25	21	8	31	14	8	43	24	16	42	24	27	31	8	6	35	18	3	7	38	7	29	2	33	16	36	20	8	12	15	21	12	6	5	31	13	6	20	27	15	0	26	20	36	14	18	25	30	19	27	6	21	11	22	18	44	8	18	28	17	8	36	23	10	18	26	21	41
34	9	25	4	25	6	9	6	8	22	22	14	32	16	18	19	8	6	31	23	6	19	11	26	16	27	3	22	17	6	20	30	10	9	20	12	23	14	24	19	19	4	19	21	7	12	5	19	29	10	28	29	22	12	20	9	24	7	20	11	33	22	21	26	11	29	21	23	14	17	24	9	9	13	26	0	16	11	12	15	7	5	18	4	21	15	27	7	17	20	19	10	7	13	19	10	6	21	11	6	16	34
23	22	11	16	12	11	19	21	18	9	10	29	21	31	10	6	22	16	22	37	15	34	19	20	30	13	13	7	29	18	5	21	23	24	7	4	13	28	10	13	26	12	4	37	9	25	21	14	25	20	13	23	20	24	15	12	18	21	6	26	19	12	9	11	5	16	17	20	28	7	14	7	10	7	20	16	0	26	10	2	20	16	2	19	18	1	14	9	2	35	13	7	22	4	12	22	9	10	17	20	2	23
40	12	36	13	36	15	15	9	9	33	33	8	42	6	29	29	4	15	41	12	12	9	11	36	5	38	12	31	9	8	30	40	4	3	29	22	34	13	34	29	16	14	29	13	17	14	6	29	38	9	38	40	32	7	30	15	34	5	31	0	44	32	32	36	21	40	31	33	13	28	34	19	16	24	36	11	26	0	23	26	12	10	28	10	31	25	38	17	27	10	29	21	9	24	29	7	16	32	20	11	25	40
33	15	15	10	14	11	11	15	19	12	11	23	20	28	6	9	20	9	19	35	16	30	21	14	28	17	12	16	29	17	14	18	22	20	17	9	11	21	13	7	29	10	10	31	10	17	17	7	18	21	19	18	12	24	8	16	12	19	11	23	23	10	10	16	9	18	9	12	21	6	12	6	14	3	14	12	10	23	0	9	13	15	11	14	10	10	16	8	10	31	7	5	16	6	7	22	9	10	8	13	11	33
25	22	10	15	11	11	18	20	19	8	9	29	20	31	9	4	22	15	21	37	15	34	20	18	30	12	13	8	30	19	6	19	23	24	8	4	11	28	9	12	27	12	3	36	9	25	21	12	23	21	12	22	19	25	13	13	16	21	5	26	18	11	8	11	5	15	16	19	28	5	13	7	11	6	18	15	2	26	9	0	20	16	2	19	16	2	13	9	2	36	12	6	21	3	11	22	9	9	16	19	3	25
40	2	28	4	27	12	3	3	14	25	24	10	32	17	19	22	11	5	30	24	13	17	17	25	18	30	10	27	21	12	25	30	14	9	26	17	24	8	26	19	25	10	22	18	13	5	7	18	26	15	31	28	20	17	19	16	23	10	24	12	36	23	23	29	16	31	19	21	8	19	25	13	15	16	25	7	20	12	13	20	0	11	22	3	19	20	29	12	21	19	19	14	3	17	19	15	12	23	8	2	21	40
31	13	26	9	27	5	13	9	3	23	24	16	34	15	21	20	6	11	34	21	2	19	6	30	14	28	3	21	14	2	20	33	7	9	19	12	25	18	25	22	15	5	20	22	7	16	7	22	33	6	28	33	26	9	23	6	27	5	21	10	34	24	23	27	11	31	24	27	18	19	26	10	6	15	30	5	16	10	15	16	11	0	18	8	25	15	29	8	18	20	22	12	10	15	22	7	7	24	16	10	16	31
23	24	9	18	10	13	21	23	20	7	8	31	19	33	9	4	24	18	20	39	17	36	22	19	32	10	16	6	32	21	3	19	25	26	6	6	11	30	8	13	29	14	2	39	11	27	23	14	24	22	10	22	20	26	14	15	17	23	3	28	16	11	7	9	7	14	17	20	30	6	13	9	13	8	19	18	2	28	11	2	22	18	0	21	18	3	12	11	1	38	13	8	24	6	12	24	12	9	19	22	3	23
38	4	28	4	27	10	6	2	11	25	24	10	33	15	20	22	8	6	32	22	10	16	14	27	15	30	8	25	18	9	24	31	11	7	25	16	25	10	26	20	22	8	22	18	11	8	4	19	28	12	31	30	22	14	20	13	25	7	23	10	36	23	23	29	15	31	21	23	10	19	25	12	13	16	27	4	19	10	14	19	3	8	21	0	21	19	29	11	20	18	20	13	2	16	20	12	10	24	10	2	20	38
41	21	16	17	14	21	16	22	28	14	12	29	15	36	8	14	28	15	12	43	25	36	31	6	36	19	21	23	38	27	20	12	31	27	24	19	10	25	15	5	39	19	16	36	20	21	25	4	8	30	21	9	2	33	3	25	5	27	16	31	24	9	12	17	18	16	1	2	25	11	9	16	23	12	6	21	18	31	10	16	19	25	18	21	0	19	15	18	17	38	5	14	22	14	6	31	19	11	11	20	19	41
23	22	12	15	13	10	19	20	17	10	11	28	22	30	11	7	21	16	23	36	14	33	18	21	29	14	12	7	28	17	5	22	22	23	7	3	14	28	11	14	25	11	5	36	8	25	20	15	26	19	14	24	21	23	15	11	19	20	7	25	20	13	10	12	4	17	18	21	28	8	15	7	9	7	21	15	1	25	10	2	20	15	3	19	19	0	15	8	3	35	14	7	21	5	13	21	9	11	17	19	1	23
32	31	4	25	2	24	26	31	31	5	5	39	7	43	9	9	34	24	10	49	28	45	33	11	43	5	26	15	43	31	13	9	36	35	17	18	5	36	4	11	40	23	10	47	21	32	32	12	17	34	7	13	17	37	12	26	11	33	9	38	9	6	6	5	18	2	13	15	36	10	6	19	24	14	11	27	14	38	16	13	29	29	12	29	15	15	0	21	12	47	11	17	31	14	10	35	22	5	22	29	15	32
29	15	19	8	19	3	12	12	11	16	16	21	26	22	13	12	14	9	26	29	8	25	13	22	22	21	5	15	22	10	13	25	15	15	14	5	18	20	17	15	21	3	12	28	2	18	12	15	26	13	21	26	20	17	16	7	20	13	13	17	27	16	15	19	4	23	18	20	20	11	19	2	5	8	22	7	9	17	8	9	12	8	11	11	18	8	21	0	10	27	15	4	13	7	14	15	1	16	12	11	9	29
24	23	9	17	10	13	20	22	20	7	8	30	19	32	9	3	24	17	20	39	17	36	21	18	32	11	15	7	31	20	4	19	25	25	7	6	11	29	8	12	28	13	2	38	10	26	22	13	23	22	11	21	19	26	13	15	16	23	3	27	17	10	7	9	6	14	16	19	29	5	12	9	12	7	18	17	2	27	10	2	21	18	1	20	17	3	12	10	0	37	12	7	23	4	11	24	11	8	18	21	3	24
50	17	45	22	45	25	22	16	20	42	42	9	51	8	38	39	14	23	49	9	22	2	21	44	9	47	22	41	14	18	40	48	14	12	40	32	42	14	44	37	23	24	39	5	27	17	15	37	45	19	48	47	38	16	38	25	42	15	40	10	53	41	41	46	31	49	38	39	14	37	43	29	27	33	44	20	35	10	31	36	19	20	38	18	38	35	47	27	37	0	37	30	16	33	38	16	26	41	26	18	36	50
36	21	12	16	10	18	16	21	25	10	8	29	14	35	3	9	26	14	12	41	22	36	28	8	34	15	19	18	36	24	16	11	28	26	19	14	6	26	11	0	36	16	11	36	16	22	24	1	12	27	17	11	7	31	2	22	6	25	11	29	20	5	8	13	14	13	4	7	26	6	6	12	20	7	8	19	13	29	7	12	19	22	13	20	5	14	11	15	12	37	0	10	21	9	1	28	16	7	12	19	15	36
29	16	15	9	15	8	12	15	15	12	12	23	22	26	9	9	18	9	22	33	12	29	17	18	26	17	9	13	27	15	11	21	19	19	13	5	13	22	13	10	25	7	9	31	6	19	16	11	22	17	18	21	16	21	12	11	16	17	10	21	23	12	11	16	4	19	14	17	22	7	14	2	9	3	18	10	7	21	5	6	14	12	8	13	14	7	17	4	7	30	10	0	16	3	10	19	5	11	11	13	8	29
40	3	30	6	29	12	7	1	12	27	26	8	35	14	22	24	9	7	33	21	12	14	15	28	14	32	10	28	18	10	26	33	11	6	27	18	27	8	29	21	22	10	24	15	14	6	5	21	30	13	33	31	23	14	22	15	26	8	26	9	39	25	26	31	17	34	22	24	8	22	27	14	15	18	28	7	22	9	16	21	3	10	24	2	22	21	31	13	23	16	21	16	0	19	22	12	13	26	11	2	22	40
28	19	12	12	12	10	15	18	18	9	9	26	20	29	7	5	20	12	20	36	14	32	20	17	29	14	12	11	29	17	9	19	22	22	11	5	11	25	10	9	27	10	5	34	8	21	19	10	21	20	15	20	16	24	11	13	15	20	7	24	20	10	8	12	4	16	13	16	25	4	12	5	11	2	17	13	4	24	6	3	17	15	6	16	14	5	14	7	4	33	9	3	19	0	9	21	8	9	13	16	6	28
35	21	11	16	9	18	16	21	25	9	7	29	13	35	2	8	27	15	12	42	22	36	27	8	35	13	19	17	36	24	15	11	29	27	18	14	5	26	10	1	36	16	10	37	16	22	24	2	12	27	15	11	8	31	2	21	6	25	10	29	19	4	7	12	13	12	5	8	26	5	5	12	19	7	8	19	12	29	7	11	19	22	12	20	6	13	10	14	11	38	1	10	22	9	0	28	15	6	12	20	14	35
33	15	33	14	33	11	18	12	4	30	30	15	41	9	27	27	4	16	40	15	7	15	4	36	9	35	10	26	8	4	26	39	2	8	25	18	32	19	31	28	10	12	26	20	14	19	8	28	39	2	35	39	32	2	29	10	34	5	27	7	40	31	29	33	18	38	31	33	19	26	33	17	12	22	36	10	22	7	22	22	15	7	24	12	31	21	35	15	24	16	28	19	12	21	28	0	13	30	21	13	22	33
28	14	20	8	20	2	12	12	10	17	17	20	27	22	14	13	13	9	27	28	7	25	12	23	21	22	4	15	21	9	14	26	14	15	14	5	19	20	18	16	20	2	13	28	1	17	12	16	27	12	22	27	21	16	17	6	21	12	14	16	28	17	16	20	5	24	19	21	20	12	20	3	5	9	23	6	9	16	9	9	12	7	12	10	19	9	22	1	11	26	16	5	13	8	15	13	0	17	13	11	9	28
31	25	6	20	4	19	21	25	27	3	1	33	11	38	4	5	29	19	12	44	23	40	28	10	37	8	20	13	38	26	11	10	31	30	15	13	2	31	4	7	36	18	6	41	17	27	27	8	16	29	10	13	13	32	8	22	9	28	6	32	14	2	2	7	13	8	10	12	31	4	4	13	20	8	10	21	10	32	10	9	23	24	9	24	11	11	5	16	8	41	7	11	26	9	6	30	17	0	17	23	12	31
40	9	22	7	21	14	4	11	19	20	18	18	25	25	13	17	18	5	23	32	17	25	22	18	25	25	13	24	28	17	22	22	20	16	24	16	18	14	21	12	30	12	18	25	14	10	14	11	19	21	26	20	12	23	12	19	16	17	19	20	31	16	18	23	15	25	12	13	14	14	18	11	17	11	18	11	17	20	8	16	8	16	19	10	11	17	22	12	18	26	12	11	11	13	12	21	13	17	0	9	19	40
39	3	28	4	27	11	4	2	12	25	24	10	33	16	20	22	10	5	31	23	12	17	16	26	16	30	9	26	20	10	24	30	12	8	25	16	25	9	26	19	23	9	22	18	12	7	6	19	27	14	31	29	21	15	20	15	24	9	23	11	36	23	23	29	15	31	20	22	9	19	25	12	14	15	26	6	20	11	13	19	2	10	22	2	20	19	29	11	21	18	19	13	2	16	20	13	11	23	9	0	20	39
22	23	12	16	13	11	20	21	18	10	11	29	22	30	12	7	22	17	23	36	14	34	19	21	30	13	13	6	29	18	5	22	23	24	5	4	14	29	11	15	25	12	6	37	9	26	21	16	26	20	13	25	22	23	16	12	19	21	7	25	19	14	10	12	5	17	19	22	29	9	16	8	10	8	21	16	2	25	11	3	21	16	3	20	19	1	15	9	3	36	15	8	22	6	14	22	9	12	19	20	0	22
0	43	28	36	30	28	41	39	30	28	30	46	39	43	33	27	36	37	42	46	29	48	29	41	42	27	31	18	38	32	21	40	36	40	17	25	33	48	28	36	30	31	25	53	27	46	37	37	47	31	25	44	43	34	38	25	40	36	25	40	28	34	30	27	26	33	40	43	48	30	35	29	25	30	41	34	23	40	33	25	40	31	23	38	41	23	32	29	24	50	36	29	40	28	35	33	28	31	40	39	22	0

