Number of nodes= 102
Number of caregiver= 18 
Number of group=3

Caregiver_cost=
146	128	125	119	198	113	157	213	101	119	146	135	103	215	111	134	156	107



Caregiver in group=
Group_1:2	3	4	6	9	10	13	15	18
Group_2:1	7	11	12	16	17			
Group_3:5	8	14						
								
					
skill matrix=
Caregiver1:0	2	3	4	5	6	7	8	9	13	14	15	16	20	21	22	23	25	26	27	28	29	30	31	32	36	37	38	40	43	44	46	47	50	53	54	55	58	60	62	63	64	66	68	69	71	73	74	75	76	77	78	80	81	83	84	86	88	89	90	91	92	93	94	95	97	99	100	101			
Caregiver2:0	1	10	11	12	17	18	19	24	33	34	35	39	41	42	45	48	49	51	52	56	57	59	61	65	67	70	72	79	82	85	87	96	101	
Caregiver3:0	2	3	5	9	15	20	22	25	29	30	31	38	40	43	44	46	47	53	54	55	58	68	71	73	74	75	77	80	83	84	86	89	90	91	92	94	95	101
Caregiver4:0	1	10	11	12	17	18	19	24	33	34	35	39	41	42	45	48	49	51	52	56	57	59	61	65	67	70	72	79	82	85	87	96	101		
Caregiver5:0	1	2	3	5	9	10	11	12	15	17	18	19	20	22	24	25	29	30	31	33	34	35	38	39	40	41	42	43	44	45	46	47	48	49	51	52	53	54	55	56	57	58	59	61	65	67	68	70	71	72	73	74	75	77	79	80	82	83	84	85	86	87	89	90	91	92	94	95	96	98	101
Caregiver6:0	2	3	5	9	15	20	22	25	29	30	31	38	40	43	44	46	47	53	54	55	58	68	71	73	74	75	77	80	83	84	86	89	90	91	92	94	95	101
Caregiver7:0	2	3	4	5	6	7	8	9	13	14	15	16	20	21	22	23	25	26	27	28	29	30	31	32	36	37	38	40	43	44	46	47	50	53	54	55	58	60	62	63	64	66	68	69	71	73	74	75	76	77	78	80	81	83	84	86	88	89	90	91	92	93	94	95	97	99	100	101			
Caregiver8:0	1	4	6	7	8	10	11	12	13	14	16	17	18	19	21	23	24	26	27	28	32	33	34	35	36	37	39	41	42	45	48	49	50	51	52	56	57	59	60	61	62	63	64	65	66	67	69	70	72	76	78	79	81	82	85	87	88	93	96	97	98	99	101
Caregiver9:0	2	3	5	9	15	20	22	25	29	30	31	38	40	43	44	46	47	53	54	55	58	68	71	73	74	75	77	80	83	84	86	89	90	91	92	94	95	101
Caregiver10:0	1	10	11	12	17	18	19	24	33	34	35	39	41	42	45	48	49	51	52	56	57	59	61	65	67	70	72	79	82	85	87	96	98	101	
Caregiver11:0	1	4	6	7	8	10	11	12	13	14	16	17	18	19	21	23	24	26	27	28	32	33	34	35	36	37	39	41	42	45	48	49	50	51	52	56	57	59	60	61	62	63	64	65	66	67	69	70	72	76	78	79	81	82	85	87	88	93	96	97	98	99	101
Caregiver12:0	2	3	4	5	6	7	8	9	13	14	15	16	20	21	22	23	25	26	27	28	29	30	31	32	36	37	38	40	43	44	46	47	50	53	54	55	58	60	62	63	64	66	68	69	71	73	74	75	76	77	78	80	81	83	84	86	88	89	90	91	92	93	94	95	97	99	101				
Caregiver13:0	4	6	7	8	13	14	16	21	23	26	27	28	32	36	37	50	60	62	63	64	66	69	76	78	81	88	93	97	99	101			
Caregiver14:0	1	2	3	5	9	10	11	12	15	17	18	19	20	22	24	25	29	30	31	33	34	35	38	39	40	41	42	43	44	45	46	47	48	49	51	52	53	54	55	56	57	58	59	61	65	67	68	70	71	72	73	74	75	77	79	80	82	83	84	85	86	87	89	90	91	92	94	95	96	98	101
Caregiver15:0	2	3	5	9	15	20	22	25	29	30	31	38	40	43	44	46	47	53	54	55	58	68	71	73	74	75	77	80	83	84	86	89	90	91	92	94	95	101
Caregiver16:0	1	2	3	5	9	10	11	12	15	17	18	19	20	22	24	25	29	30	31	33	34	35	38	39	40	41	42	43	44	45	46	47	48	49	51	52	53	54	55	56	57	58	59	61	65	67	68	70	71	72	73	74	75	77	79	80	82	83	84	85	86	87	89	90	91	92	94	95	96	98	101
Caregiver17:0	1	4	6	7	8	10	11	12	13	14	16	17	18	19	21	23	24	26	27	28	32	33	34	35	36	37	39	41	42	45	48	49	50	51	52	56	57	59	60	61	62	63	64	65	66	67	69	70	72	76	78	79	81	82	85	87	88	93	96	97	98	99	101
Caregiver18:0	4	6	7	8	13	14	16	21	23	26	27	28	32	36	37	50	60	62	63	64	66	69	76	78	81	88	93	97	99	101																											type of shift per day=2
number of days=7
Number of shitfs=14

Service time of node=
0	42	45	51	48	43	25	30	42	47	56	32	33	31	43	46	55	47	28	36	24	31	44	20	45	47	57	49	41	43	49	27	27	51	36	51	25	30	53	51	34	37	58	48	24	58	25	52	21	20	22	39	51	28	33	20	29	27	33	30	54	45	33	56	53	41	49	55	21	51	37	22	50	33	55	60	33	36	42	28	34	52	23	29	60	41	44	55	51	42	28	36	33	28	31	29	38	39	56	51	51	0


Time window for ptient matrix (day,patient) :first line alfa and second beta
0	0	0	653	0	0	0	987	0	0	0	0	0	0	805	0	522	546	689	0	0	0	595	654	780	0	0	812	0	0	480	480	0	0	858	0	0	0	963	0	669	0	0	0	789	0	544	0	780	780	486	0	0	0	780	0	0	615	0	0	0	0	0	953	0	0	0	0	0	1012	841	0	0	780	0	913	780	0	950	0	480	780	0	585	0	504	0	0	0	0	0	993	966	0	0	0	0	780	725	480	957	0
0	0	0	683	0	0	0	1017	0	0	0	0	0	0	835	0	633	638	719	0	0	0	625	684	1080	0	0	896	0	0	780	577	0	0	888	0	0	0	1078	0	735	0	0	0	896	0	574	0	1080	1080	567	0	0	0	1080	0	0	707	0	0	0	0	0	1032	0	0	0	0	0	1075	904	0	0	1080	0	943	1080	0	980	0	579	1080	0	705	0	534	0	0	0	0	0	1080	996	0	0	0	0	1080	755	591	1054	0
0	0	874	614	0	0	0	0	947	0	572	694	780	0	672	596	0	0	0	0	780	0	0	480	922	1020	0	0	0	942	0	0	640	625	526	0	890	641	0	669	480	480	0	480	860	0	785	0	0	0	0	569	0	0	0	0	0	0	0	0	942	0	707	817	614	0	0	853	686	0	0	623	0	0	807	0	0	780	0	919	480	884	0	0	916	0	0	662	0	0	0	0	0	0	0	780	0	0	797	0	0	0
0	0	973	708	0	0	0	0	977	0	602	724	1080	0	702	677	0	0	0	0	1080	0	0	565	1016	1050	0	0	0	1006	0	0	722	728	591	0	968	713	0	733	780	780	0	780	933	0	901	0	0	0	0	673	0	0	0	0	0	0	0	0	1035	0	771	847	691	0	0	942	716	0	0	737	0	0	890	0	0	1080	0	994	780	966	0	0	946	0	0	692	0	0	0	0	0	0	0	1080	0	0	901	0	0	0
0	0	679	0	696	480	0	555	480	0	0	0	0	0	0	0	0	0	780	673	840	480	0	0	0	0	0	480	0	849	649	0	0	652	0	0	688	940	0	493	931	959	601	0	0	480	0	480	912	797	0	699	0	596	0	544	780	0	831	0	0	840	924	0	0	480	0	886	0	0	672	566	0	0	0	780	980	0	0	620	559	0	0	0	817	0	0	0	0	620	0	868	0	0	643	0	941	984	0	705	0	0
0	0	709	0	726	780	0	585	780	0	0	0	0	0	0	0	0	0	1080	780	931	780	0	0	0	0	0	780	0	932	679	0	0	682	0	0	780	1002	0	560	994	989	699	0	0	780	0	780	973	827	0	780	0	669	0	574	1080	0	897	0	0	954	1035	0	0	780	0	987	0	0	702	596	0	0	0	899	1010	0	0	716	589	0	0	0	934	0	0	0	0	697	0	977	0	0	673	0	1034	1080	0	735	0	0
0	0	0	0	0	0	587	0	0	0	796	652	0	780	0	522	0	813	0	0	0	0	0	0	618	582	0	0	0	0	480	0	780	0	0	542	873	0	0	502	785	0	0	0	480	932	0	0	953	596	0	0	549	480	0	0	0	857	0	626	558	0	0	0	549	0	634	0	0	910	0	0	841	943	0	0	0	823	780	0	0	0	687	0	781	0	480	480	780	600	0	1009	588	480	0	680	0	0	806	0	730	0
0	0	0	0	0	0	617	0	0	0	911	722	0	1080	0	611	0	894	0	0	0	0	0	0	648	612	0	0	0	0	780	0	1080	0	0	660	990	0	0	573	894	0	0	0	780	1037	0	0	983	705	0	0	579	780	0	0	0	887	0	656	588	0	0	0	637	0	742	0	0	1025	0	0	913	1057	0	0	0	886	1080	0	0	0	752	0	853	0	780	573	1080	709	0	1039	705	780	0	710	0	0	892	0	760	0
0	0	0	0	0	0	502	0	647	480	578	570	780	655	0	0	506	0	0	0	662	826	602	782	0	480	0	813	907	780	0	664	0	509	0	902	0	0	0	0	0	789	802	957	0	587	0	0	0	0	0	0	0	0	882	780	923	0	0	0	0	946	780	1003	929	904	0	979	0	0	696	501	638	0	702	0	817	0	0	0	780	0	964	0	555	652	0	480	834	0	692	0	965	0	0	693	972	529	0	0	701	0
0	0	0	0	0	0	563	0	751	780	666	659	1080	685	0	0	606	0	0	0	777	856	670	898	0	780	0	843	937	1080	0	694	0	570	0	979	0	0	0	0	0	874	895	1023	0	670	0	0	0	0	0	0	0	0	912	884	953	0	0	0	0	976	879	1033	995	934	0	1080	0	0	780	531	724	0	732	0	927	0	0	0	1080	0	1024	0	665	682	0	780	902	0	780	0	995	0	0	723	1039	649	0	0	770	0
0	480	0	0	502	0	0	0	0	0	850	780	0	859	0	0	0	0	553	613	0	711	0	0	848	0	880	1021	550	0	480	872	995	596	0	0	0	683	0	0	0	0	0	0	0	612	548	0	545	0	730	721	841	725	1002	0	713	981	0	956	909	0	0	0	0	480	0	480	540	0	0	914	0	806	881	844	0	480	0	544	0	535	480	780	0	0	686	0	0	0	0	616	780	943	613	0	0	570	0	1026	860	0
0	780	0	0	585	0	0	0	0	0	940	895	0	889	0	0	0	0	583	703	0	741	0	0	878	0	962	1051	651	0	566	976	1080	696	0	0	0	780	0	0	0	0	0	0	0	642	578	0	635	0	760	751	871	755	1032	0	780	1066	0	986	939	0	0	0	0	561	0	780	570	0	0	979	0	836	974	874	0	572	0	615	0	597	780	1080	0	0	780	0	0	0	0	676	1080	1055	707	0	0	687	0	1056	973	0
0	780	576	0	0	698	663	546	627	807	0	0	0	0	0	994	990	0	0	547	0	0	0	730	0	0	595	0	780	876	0	847	972	0	0	601	0	780	514	480	0	696	780	0	0	0	0	999	0	0	0	480	1018	721	0	0	0	0	887	780	0	0	0	0	0	0	480	0	480	780	555	0	780	0	0	0	950	0	0	0	0	940	0	0	0	494	547	0	563	631	780	0	0	876	785	0	0	0	480	0	0	0
0	1080	606	0	0	780	750	662	717	837	0	0	0	0	0	1024	1069	0	0	631	0	0	0	760	0	0	712	0	875	977	0	877	1074	0	0	691	0	1080	592	780	0	726	1080	0	0	0	0	1063	0	0	0	780	1048	751	0	0	0	0	969	1080	0	0	0	0	0	0	559	0	780	890	585	0	1080	0	0	0	980	0	0	0	0	970	0	0	0	606	650	0	671	661	1080	0	0	946	882	0	0	0	780	0	0	0



CII matrix(caregiver, patient)
0	0	5	7	4	5	6	5	7	6	0	0	0	5	5	6	3	0	0	0	3	3	5	5	0	7	3	5	5	6	3	3	6	0	0	0	7	3	6	0	6	0	0	7	7	0	6	7	0	0	5	0	0	6	7	4	0	0	7	0	5	0	3	4	4	0	5	0	7	3	0	6	0	7	5	4	7	7	4	0	7	3	0	7	4	0	3	0	5	3	6	7	7	5	7	7	0	4	0	6	6	0
0	7	0	0	0	0	0	0	0	0	9	9	7	0	0	0	0	7	8	7	0	0	0	0	6	0	0	0	0	0	0	0	0	9	7	6	0	0	0	7	0	6	6	0	0	6	0	0	9	9	0	6	6	0	0	0	7	10	0	6	0	6	0	0	0	6	0	7	0	0	8	0	7	0	0	0	0	0	0	8	0	0	10	0	0	8	0	9	0	0	0	0	0	0	0	0	6	0	7	0	0	0
0	0	7	10	0	7	0	0	0	8	0	0	0	0	0	8	0	0	0	0	7	0	7	0	0	7	0	0	0	9	10	9	0	0	0	0	0	0	10	0	6	0	0	6	8	0	8	8	0	0	0	0	0	8	7	9	0	0	10	0	0	0	0	0	0	0	0	0	8	0	0	10	0	10	9	10	0	10	0	0	7	0	0	6	8	0	9	0	0	10	10	7	6	0	9	10	0	0	0	0	6	0
0	10	0	0	0	0	0	0	0	0	6	8	9	0	0	0	0	8	10	6	0	0	0	0	6	0	0	0	0	0	0	0	0	6	9	9	0	0	0	10	0	7	7	0	0	7	0	0	10	9	0	7	9	0	0	0	7	9	0	9	0	8	0	0	0	7	0	9	0	0	9	0	8	0	0	0	0	0	0	6	0	0	7	0	0	7	0	8	0	0	0	0	0	0	0	0	6	0	9	0	0	0
0	4	5	3	0	3	0	0	0	3	4	2	3	0	0	3	0	3	2	1	2	0	4	0	4	1	0	0	0	4	1	1	0	5	2	4	0	0	4	4	4	1	5	4	5	2	5	1	1	3	0	4	1	4	5	5	2	5	1	2	0	2	0	0	0	1	0	2	4	0	3	2	3	2	5	3	0	5	0	2	3	0	4	4	4	5	4	2	0	2	5	4	4	0	3	1	5	0	2	0	3	0
0	0	7	8	0	8	0	0	0	7	0	0	0	0	0	10	0	0	0	0	8	0	10	0	0	9	0	0	0	6	10	10	0	0	0	0	0	0	10	0	6	0	0	6	10	0	7	10	0	0	0	0	0	9	6	7	0	0	10	0	0	0	0	0	0	0	0	0	6	0	0	10	0	8	8	8	0	6	0	0	9	0	0	7	7	0	8	0	0	7	9	6	10	0	8	8	0	0	0	0	8	0
0	0	4	5	4	4	7	5	7	6	0	0	0	4	7	7	5	0	0	0	6	5	4	7	0	4	5	5	4	5	3	6	3	0	0	0	5	7	6	0	7	0	0	4	7	0	7	3	0	0	4	0	0	4	3	5	0	0	5	0	4	0	6	4	6	0	3	0	3	7	0	5	0	6	7	3	5	7	5	0	7	3	0	7	5	0	3	0	7	5	4	6	3	5	5	7	0	5	0	7	4	0
0	5	0	0	4	0	2	4	1	0	3	2	1	3	4	0	3	5	2	5	0	5	0	5	1	0	3	5	4	0	0	0	4	2	4	1	4	4	0	5	0	4	1	0	0	2	0	0	5	1	4	4	3	0	0	0	3	2	0	2	4	4	4	5	2	4	4	1	0	3	4	0	5	0	0	0	2	0	2	2	0	3	1	0	0	3	0	2	3	0	0	0	0	2	0	0	3	5	2	3	0	0
0	0	6	10	0	6	0	0	0	8	0	0	0	0	0	10	0	0	0	0	10	0	8	0	0	8	0	0	0	8	10	8	0	0	0	0	0	0	7	0	10	0	0	7	8	0	10	9	0	0	0	0	0	9	8	10	0	0	8	0	0	0	0	0	0	0	0	0	6	0	0	6	0	8	6	7	0	8	0	0	6	0	0	6	9	0	6	0	0	10	7	9	9	0	8	9	0	0	0	0	10	0
0	6	0	0	0	0	0	0	0	0	9	8	6	0	0	0	0	6	9	7	0	0	0	0	10	0	0	0	0	0	0	0	0	8	9	8	0	0	0	9	0	8	10	0	0	8	0	0	6	8	0	7	7	0	0	0	8	7	0	9	0	6	0	0	0	7	0	7	0	0	7	0	8	0	0	0	0	0	0	7	0	0	7	0	0	9	0	7	0	0	0	0	0	0	0	0	7	0	6	0	0	0
0	6	0	0	6	0	5	4	5	0	5	6	4	3	4	0	4	3	7	3	0	3	0	6	6	0	6	7	6	0	0	0	7	5	6	6	5	7	0	6	0	7	3	0	0	3	0	0	4	5	3	3	5	0	0	0	6	4	0	4	5	5	4	7	4	4	5	7	0	5	5	0	5	0	0	0	3	0	4	3	0	3	7	0	0	5	0	5	6	0	0	0	0	4	0	0	4	7	6	4	0	0
0	0	5	3	3	7	6	6	3	4	0	0	0	3	4	3	7	0	0	0	6	6	6	4	0	4	4	3	5	7	7	5	3	0	0	0	7	7	6	0	7	0	0	6	6	0	5	6	0	0	6	0	0	3	7	6	0	0	3	0	4	0	3	6	7	0	3	0	7	4	0	4	0	6	6	7	7	5	5	0	6	5	0	7	7	0	6	0	3	4	4	7	6	5	4	6	0	4	0	4	3	0
0	0	0	0	10	0	8	8	10	0	0	0	0	9	7	0	10	0	0	0	0	8	0	8	0	0	8	7	10	0	0	0	10	0	0	0	9	8	0	0	0	0	0	0	0	0	0	0	0	0	10	0	0	0	0	0	0	0	0	0	9	0	9	9	9	0	10	0	0	9	0	0	0	0	0	0	10	0	9	0	0	8	0	0	0	0	0	0	10	0	0	0	0	9	0	0	0	8	0	8	0	0
0	4	4	3	0	3	0	0	0	5	1	3	1	0	0	5	0	4	1	2	2	0	3	0	2	5	0	0	0	3	2	3	0	1	1	3	0	0	3	3	5	4	2	3	1	4	3	4	1	5	0	4	4	4	2	1	2	3	1	2	0	3	0	0	0	5	0	4	4	0	1	5	3	1	1	1	0	3	0	4	5	0	2	2	2	5	5	1	0	1	5	2	4	0	2	3	2	0	4	0	2	0
0	0	10	7	0	9	0	0	0	8	0	0	0	0	0	10	0	0	0	0	10	0	10	0	0	6	0	0	0	8	7	9	0	0	0	0	0	0	7	0	9	0	0	9	10	0	6	10	0	0	0	0	0	6	6	6	0	0	6	0	0	0	0	0	0	0	0	0	6	0	0	8	0	10	8	10	0	10	0	0	8	0	0	9	9	0	10	0	0	9	7	10	9	0	10	6	0	0	0	0	9	0
0	7	5	7	0	6	0	0	0	7	6	3	7	0	0	3	0	5	5	6	4	0	4	0	7	4	0	0	0	4	5	7	0	7	5	6	0	0	6	3	6	7	7	7	4	6	5	5	7	6	0	5	6	7	4	4	4	6	7	4	0	7	0	0	0	5	0	3	3	0	3	3	5	4	5	6	0	5	0	3	5	0	3	7	7	3	3	6	0	7	4	4	7	0	5	3	6	0	4	0	3	0
0	7	0	0	4	0	4	5	7	0	6	3	6	3	5	0	4	6	4	7	0	7	0	5	7	0	4	5	4	0	0	0	4	3	3	5	3	6	0	7	0	5	4	0	0	4	0	0	3	6	6	3	3	0	0	0	5	3	0	3	5	4	7	6	3	6	6	7	0	5	7	0	6	0	0	0	5	0	4	4	0	5	6	0	0	6	0	6	3	0	0	0	0	5	0	0	6	7	7	3	0	0
0	0	0	0	10	0	10	7	9	0	0	0	0	10	10	0	7	0	0	0	0	6	0	10	0	0	9	7	6	0	0	0	8	0	0	0	9	9	0	0	0	0	0	0	0	0	0	0	0	0	8	0	0	0	0	0	0	0	0	0	9	0	8	8	10	0	6	0	0	7	0	0	0	0	0	0	7	0	8	0	0	8	0	0	0	0	0	0	9	0	0	0	0	7	0	0	0	9	0	7	0	0



travel time=
0	19	43	28	13	33	49	22	31	35	52	47	27	64	13	15	40	26	21	31	54	36	38	50	51	60	54	39	49	10	52	17	51	40	57	31	42	24	46	45	31	28	21	35	30	26	42	31	16	20	32	23	35	60	59	37	47	43	25	56	25	46	52	51	60	37	48	22	52	52	49	45	15	49	43	62	30	23	35	29	16	55	27	23	17	25	17	60	29	61	29	29	38	24	28	61	59	46	53	54	33	0
19	0	53	15	9	37	66	9	48	28	34	63	9	78	12	15	44	8	2	33	71	18	50	51	37	77	69	45	68	9	66	4	32	56	67	22	37	10	63	62	49	11	10	43	25	8	60	45	29	6	13	31	45	76	74	42	64	52	10	72	36	63	62	33	43	40	63	30	57	38	66	63	7	68	49	81	35	21	17	32	24	73	12	10	30	29	6	74	14	58	10	10	57	13	37	50	46	62	69	49	43	19
43	53	0	67	54	20	72	48	27	39	74	72	62	30	55	57	17	61	55	23	73	70	74	26	60	76	79	13	47	49	82	49	79	65	14	73	85	63	66	68	33	64	61	10	73	60	62	65	28	57	66	23	9	83	85	14	67	5	63	81	19	68	88	84	71	19	73	23	91	60	68	64	55	58	12	74	20	35	69	23	59	71	65	62	26	26	56	23	67	103	62	61	47	64	16	103	99	70	76	97	10	43
28	15	67	0	14	52	65	23	58	42	37	62	11	91	15	14	59	11	14	48	72	13	46	66	47	78	68	60	75	19	62	19	30	56	81	8	23	5	64	62	58	9	6	58	13	12	61	43	42	10	11	45	59	74	71	57	65	66	6	70	49	64	55	27	51	55	62	44	47	48	67	64	13	72	64	82	50	36	13	47	22	74	3	5	43	43	12	87	4	44	13	14	62	3	51	36	32	61	68	34	57	28
13	9	54	14	0	40	57	17	44	35	42	54	15	77	2	6	48	14	11	37	63	23	41	56	46	68	60	48	62	5	57	10	39	47	68	19	32	11	54	53	44	16	8	45	20	15	51	35	28	7	19	32	46	67	65	45	56	53	12	63	36	54	53	38	53	44	54	31	49	47	58	54	2	60	51	72	38	26	22	36	14	64	13	10	29	32	5	73	15	52	17	18	50	11	38	49	46	53	60	44	44	13
33	37	20	52	40	0	75	30	34	20	55	74	45	49	42	45	7	44	39	4	77	53	70	17	41	82	81	8	58	35	82	33	60	66	32	58	72	47	69	70	40	47	46	10	60	43	65	61	21	42	49	11	12	86	87	6	71	16	47	83	14	71	84	65	52	3	75	12	85	41	72	68	41	65	12	81	3	17	51	5	49	77	50	47	19	9	41	43	51	92	44	43	53	49	10	88	83	72	78	84	13	33
49	66	72	65	57	75	0	71	46	83	99	3	72	73	55	53	80	71	68	74	8	78	23	92	100	13	7	77	36	57	14	65	95	10	82	62	60	65	7	5	39	71	62	71	57	71	11	22	54	64	75	64	69	11	13	75	6	76	67	9	61	4	28	92	109	78	4	63	41	101	7	9	59	21	80	20	72	71	78	72	44	11	67	65	56	70	62	75	69	65	74	74	26	63	66	83	84	4	3	66	67	49
22	9	48	23	17	30	71	0	47	19	31	69	15	75	19	22	37	14	9	26	76	23	57	43	30	81	75	38	69	14	72	7	33	61	61	31	46	19	67	66	49	17	19	38	34	13	64	51	27	14	19	26	39	81	80	36	69	46	18	77	31	68	69	36	38	33	69	25	65	31	71	67	15	70	42	84	28	13	21	26	31	77	20	18	27	22	14	69	22	67	14	13	59	21	32	58	53	67	74	58	38	22
31	48	27	58	44	34	46	47	0	49	78	46	57	35	44	45	37	56	50	35	46	66	50	48	70	50	52	33	24	40	56	45	80	40	36	61	70	55	40	41	7	58	52	27	59	56	35	41	20	50	62	26	25	56	59	32	41	31	56	55	20	42	63	81	81	36	47	26	69	71	41	37	46	32	35	48	32	39	65	33	42	45	57	54	20	33	48	33	60	86	58	58	21	55	24	91	89	44	49	81	23	31
35	28	39	42	35	20	83	19	49	0	36	81	32	69	37	40	24	32	28	16	87	38	73	26	21	92	88	27	73	31	87	25	42	74	51	49	65	37	79	78	54	35	38	29	53	31	74	65	31	33	35	23	32	94	94	25	80	36	37	91	29	80	86	49	32	21	82	23	83	22	81	78	34	78	30	93	20	12	37	18	48	87	39	37	30	17	33	62	40	86	31	30	66	40	27	76	71	80	87	76	32	35
52	34	74	37	42	55	99	31	78	36	0	97	28	103	45	47	60	29	32	51	105	24	82	60	21	111	102	62	101	43	98	36	11	89	86	43	56	35	97	95	81	29	38	64	49	28	93	78	58	36	26	55	66	109	107	61	98	71	33	105	61	97	92	21	18	57	96	55	84	22	100	96	40	101	65	114	54	40	24	52	56	107	34	35	58	49	38	97	33	75	26	25	90	38	60	56	49	95	102	65	66	52
47	63	72	62	54	74	3	69	46	81	97	0	69	74	52	50	79	68	65	73	11	75	20	91	98	16	7	76	37	55	12	62	92	8	82	59	57	63	8	4	39	69	59	70	54	69	11	20	53	61	72	63	69	12	13	74	8	76	64	9	60	5	25	89	106	77	2	62	38	99	9	10	57	23	79	23	71	70	75	70	41	15	64	62	55	68	59	75	66	62	71	72	27	60	65	80	81	2	5	62	67	47
27	9	62	11	15	45	72	15	57	32	28	69	0	87	17	19	52	1	7	41	78	9	54	57	36	83	75	53	77	17	70	13	24	62	75	19	34	7	69	68	58	2	10	52	24	2	66	50	38	8	4	39	53	81	79	50	71	60	6	77	44	69	64	24	40	48	69	39	58	37	73	69	13	75	56	87	43	28	8	40	28	80	8	8	39	36	10	83	8	55	2	3	65	11	45	44	39	68	74	45	52	27
64	78	30	91	77	49	73	75	35	69	103	74	87	0	77	78	46	86	80	52	70	96	83	53	90	71	80	43	39	72	86	75	107	70	23	94	104	87	67	70	39	89	84	39	93	86	63	74	49	82	92	49	37	82	86	44	67	34	87	82	43	69	96	111	101	48	76	49	103	90	67	64	78	53	41	67	49	63	95	51	77	67	89	86	48	54	80	7	91	120	88	87	47	87	43	125	122	72	76	115	37	64
13	12	55	15	2	42	55	19	44	37	45	52	17	77	0	3	49	16	13	39	61	25	38	58	48	66	58	49	61	7	54	12	41	45	69	18	30	12	52	51	43	17	9	46	18	17	49	33	28	9	21	33	47	64	62	46	54	55	13	60	36	52	50	40	55	45	52	32	46	49	56	52	5	58	53	70	39	28	24	37	12	62	14	11	29	33	7	73	16	50	19	20	48	11	39	48	45	51	58	42	45	13
15	15	57	14	6	45	53	22	45	40	47	50	19	78	3	0	52	18	16	42	59	26	36	61	51	65	56	52	61	10	52	16	42	43	71	16	28	13	51	49	44	19	9	49	16	19	48	31	30	11	22	36	49	62	60	49	52	57	14	58	39	51	47	40	58	48	50	35	43	52	54	51	7	58	56	69	42	31	25	40	9	61	15	12	32	36	9	75	17	47	21	22	48	11	41	46	44	49	56	40	47	15
40	44	17	59	48	7	80	37	37	24	60	79	52	46	49	52	0	51	46	11	82	60	76	12	44	86	86	4	60	42	87	41	66	72	27	66	80	55	74	75	43	54	54	10	67	50	70	68	27	49	56	18	12	91	92	5	76	12	54	88	19	76	91	72	55	4	80	19	92	44	76	73	48	69	6	85	10	24	58	12	56	81	57	54	25	16	48	39	58	100	51	50	57	57	15	95	90	77	83	92	14	40
26	8	61	11	14	44	71	14	56	32	29	68	1	86	16	18	51	0	6	40	77	10	53	57	36	83	74	52	76	16	69	12	25	61	74	19	34	7	68	67	57	3	9	51	23	1	65	49	37	7	6	38	52	80	78	49	70	59	6	76	43	68	64	25	41	47	68	38	57	37	72	68	12	74	56	86	42	27	9	39	27	79	8	7	38	36	9	82	8	55	3	4	64	10	45	44	40	67	74	45	51	26
21	2	55	14	11	39	68	9	50	28	32	65	7	80	13	16	46	6	0	35	73	16	51	52	36	79	71	46	71	11	67	6	30	58	69	21	37	9	65	63	51	9	10	45	25	6	62	46	31	6	11	32	46	77	76	44	66	53	9	73	38	65	63	31	42	42	65	32	58	37	68	65	9	70	50	82	36	22	15	34	25	75	11	9	32	30	6	76	12	58	8	8	59	12	39	49	45	64	71	48	45	21
31	33	23	48	37	4	74	26	35	16	51	73	41	52	39	42	11	40	35	0	77	49	68	20	38	81	80	12	59	32	80	30	56	65	36	55	69	44	69	69	40	43	43	13	57	39	64	60	20	38	45	10	15	85	86	10	70	20	43	82	15	70	82	62	49	7	74	11	82	38	71	67	37	66	16	82	3	13	47	2	46	77	46	43	18	6	37	46	47	89	40	40	53	46	11	84	80	71	78	81	15	31
54	71	73	72	63	77	8	76	46	87	105	11	78	70	61	59	82	77	73	77	0	84	31	93	105	6	12	78	32	62	21	70	101	16	81	69	68	72	9	10	39	78	68	72	64	77	12	29	57	69	81	67	70	11	17	77	7	77	73	12	63	8	35	98	114	80	12	66	48	106	5	9	65	17	81	12	74	75	84	74	50	4	73	71	59	73	68	72	75	73	80	80	25	69	67	91	92	11	8	73	68	54
36	18	70	13	23	53	78	23	66	38	24	75	9	96	25	26	60	10	16	49	84	0	59	64	37	90	80	61	85	26	75	22	17	68	84	19	33	13	76	74	67	8	16	60	25	10	74	56	47	16	4	48	62	87	84	58	78	68	11	83	53	76	68	15	39	56	75	47	60	38	80	76	21	83	64	95	51	36	2	48	34	87	11	14	48	45	19	91	9	53	9	9	73	15	54	38	32	74	81	43	61	36
38	50	74	46	41	70	23	57	50	73	82	20	54	83	38	36	76	53	51	68	31	59	0	87	87	36	23	74	50	43	16	50	76	17	86	42	37	47	25	21	44	53	44	69	36	54	25	9	49	47	56	59	68	29	25	72	26	76	49	25	58	23	14	71	94	73	19	58	21	88	28	27	43	39	78	43	67	61	59	66	27	34	48	46	51	63	45	82	50	43	56	57	37	44	62	60	62	20	24	43	66	38
50	51	26	66	56	17	92	43	48	26	60	91	57	53	58	61	12	57	52	20	93	64	87	0	41	98	98	15	71	51	99	48	68	83	31	73	88	61	86	87	55	60	61	22	76	56	81	79	39	57	61	28	24	102	104	17	87	20	61	100	31	88	102	75	52	14	92	30	102	41	88	84	56	81	14	97	21	31	63	22	66	93	63	61	36	25	56	46	65	108	56	55	69	64	26	101	96	89	95	100	25	50
51	37	60	47	46	41	100	30	70	21	21	98	36	90	48	51	44	36	36	38	105	37	87	41	0	110	105	47	94	44	102	36	31	90	70	54	69	43	96	96	74	38	45	50	59	35	93	81	51	41	36	44	53	111	110	46	98	56	42	107	51	97	99	41	11	41	98	45	93	1	100	96	44	98	49	112	41	31	36	39	60	106	43	43	50	38	42	83	43	90	33	32	86	46	48	74	67	97	104	80	53	51
60	77	76	78	68	82	13	81	50	92	111	16	83	71	66	65	86	83	79	81	6	90	36	98	110	0	15	83	33	68	25	76	107	22	84	75	73	78	14	16	43	83	74	76	70	83	18	35	62	75	87	72	74	12	19	81	13	80	79	15	67	14	39	104	119	84	17	71	53	111	11	15	71	19	85	8	79	80	90	79	56	5	79	77	64	77	73	74	81	78	86	86	29	75	72	96	98	17	12	79	72	60
54	69	79	68	60	81	7	75	52	88	102	7	75	80	58	56	86	74	71	80	12	80	23	98	105	15	0	83	42	61	9	69	98	15	88	64	60	68	13	11	46	74	65	77	58	74	17	25	60	67	77	70	76	6	7	81	12	83	70	2	67	11	24	94	113	83	6	69	38	105	13	16	63	27	86	23	78	76	80	77	47	16	69	67	62	75	65	81	71	63	77	78	33	65	71	82	84	9	4	64	73	54
39	45	13	60	48	8	77	38	33	27	62	76	53	43	49	52	4	52	46	12	78	61	74	15	47	83	83	0	56	42	85	41	68	69	24	66	79	55	71	72	40	55	54	6	67	51	67	65	25	50	57	16	9	88	89	2	72	9	55	85	16	73	88	73	58	6	77	17	90	47	73	69	48	65	4	82	10	25	59	12	55	78	57	54	23	16	48	36	59	99	52	51	54	57	12	95	91	74	80	91	10	39
49	68	47	75	62	58	36	69	24	73	101	37	77	39	61	61	60	76	71	59	32	85	50	71	94	33	42	56	0	59	49	65	100	35	52	76	81	73	29	33	20	78	70	50	73	76	26	44	43	69	81	51	48	43	48	56	30	52	74	44	45	32	61	101	104	59	39	50	71	95	29	27	64	15	58	29	56	63	84	57	55	29	75	72	44	57	67	41	77	92	78	78	14	72	48	104	103	35	38	90	46	49
10	9	49	19	5	35	57	14	40	31	43	55	17	72	7	10	42	16	11	32	62	26	43	51	44	68	61	42	59	0	58	8	41	47	62	24	37	15	54	53	40	19	13	40	25	17	51	37	22	10	22	26	40	67	66	40	55	48	16	63	30	54	56	41	52	39	55	26	53	45	57	54	6	58	46	71	32	21	25	30	17	64	18	14	24	26	8	68	20	57	19	19	47	16	32	54	51	53	60	49	39	10
52	66	82	62	57	82	14	72	56	87	98	12	70	86	54	52	87	69	67	80	21	75	16	99	102	25	9	85	49	58	0	66	93	17	92	58	52	63	20	16	50	69	60	79	52	70	23	22	60	63	73	71	78	14	9	83	19	85	65	10	68	17	15	88	109	85	10	70	29	103	21	22	59	35	88	32	78	75	75	78	42	25	64	63	62	75	61	87	66	54	73	73	38	60	73	74	76	14	13	56	75	52
17	4	49	19	10	33	65	7	45	25	36	62	13	75	12	16	41	12	6	30	70	22	50	48	36	76	69	41	65	8	66	0	35	55	63	25	40	14	62	60	46	15	13	40	28	11	58	44	26	9	17	27	41	75	74	39	63	48	14	71	32	62	63	37	44	37	62	26	59	37	65	61	9	65	45	79	31	17	20	29	24	71	16	13	26	25	8	70	18	61	13	13	54	16	33	54	50	61	68	52	39	17
51	32	79	30	39	60	95	33	80	42	11	92	24	107	41	42	66	25	30	56	101	17	76	68	31	107	98	68	100	41	93	35	0	85	92	36	47	30	93	91	81	24	33	69	42	25	90	73	60	32	20	58	71	104	101	66	95	76	28	100	64	93	85	10	29	62	92	58	76	32	97	93	37	99	71	111	59	44	18	57	51	103	28	31	60	53	34	102	27	65	22	22	89	32	64	45	38	91	98	55	70	51
40	56	65	56	47	66	10	61	40	74	89	8	62	70	45	43	72	61	58	65	16	68	17	83	90	22	15	69	35	47	17	55	85	0	76	53	52	56	9	6	33	62	52	63	48	61	9	13	45	54	65	56	62	20	21	67	10	69	57	17	53	8	26	82	99	69	8	55	37	91	12	10	49	22	72	27	63	62	68	63	34	19	57	55	47	61	52	70	59	60	64	64	22	53	57	75	76	6	13	59	59	40
57	67	14	81	68	32	82	61	36	51	86	82	75	23	69	71	27	74	69	36	81	84	86	31	70	84	88	24	52	62	92	63	92	76	0	86	98	77	75	78	43	77	75	24	87	74	71	77	41	71	80	36	22	92	95	26	76	16	77	91	32	77	100	97	81	30	83	37	104	70	76	73	69	65	21	80	33	48	82	36	72	79	79	76	40	39	70	16	81	117	75	74	56	78	30	117	113	80	85	110	24	57
31	22	73	8	19	58	62	31	61	49	43	59	19	94	18	16	66	19	21	55	69	19	42	73	54	75	64	66	76	24	58	25	36	53	86	0	15	12	62	59	60	17	12	63	6	20	60	40	46	17	18	50	64	70	67	63	63	72	13	66	54	61	49	30	58	62	59	49	41	55	65	62	18	71	70	80	56	42	20	54	21	72	11	12	47	50	18	91	11	36	21	22	62	9	56	30	28	59	65	27	62	31
42	37	85	23	32	72	60	46	70	65	56	57	34	104	30	28	80	34	37	69	68	33	37	88	69	73	60	79	81	37	52	40	47	52	98	15	0	27	61	58	67	32	27	76	12	35	60	39	57	31	33	63	77	66	62	77	62	85	28	62	66	60	41	40	72	76	56	62	29	70	64	62	32	73	83	80	69	57	34	67	27	71	26	28	59	63	32	101	26	21	36	37	67	24	69	23	24	57	62	12	75	42
24	10	63	5	11	47	65	19	55	37	35	63	7	87	12	13	55	7	9	44	72	13	47	61	43	78	68	55	73	15	63	14	30	56	77	12	27	0	63	61	55	6	3	53	17	8	61	43	38	5	9	40	54	74	72	53	65	62	2	70	45	63	57	28	48	51	62	40	50	44	67	64	9	70	59	82	45	31	12	43	22	74	2	1	39	39	7	83	4	48	10	11	60	3	47	40	36	62	68	39	53	24
46	63	66	64	54	69	7	67	40	79	97	8	69	67	52	51	74	68	65	69	9	76	25	86	96	14	13	71	29	54	20	62	93	9	75	62	61	63	0	4	33	69	60	65	56	69	4	22	49	61	73	59	63	17	20	69	2	70	65	15	55	2	33	90	105	72	9	58	44	97	3	2	57	15	74	19	66	67	76	66	42	10	65	62	51	65	59	68	67	68	71	72	20	61	60	84	85	6	10	68	61	46
45	62	68	62	53	70	5	66	41	78	95	4	68	70	51	49	75	67	63	69	10	74	21	87	96	16	11	72	33	53	16	60	91	6	78	59	58	61	4	0	35	67	58	66	54	67	7	19	49	59	71	60	65	16	17	70	4	72	63	13	56	2	29	88	104	73	6	59	40	97	7	6	55	19	75	22	67	67	74	67	40	13	63	61	51	65	57	71	65	64	70	70	22	59	61	81	82	2	8	64	62	45
31	49	33	58	44	40	39	49	7	54	81	39	58	39	43	44	43	57	51	40	39	67	44	55	74	43	46	40	20	40	50	46	81	33	43	60	67	55	33	35	0	59	52	33	57	57	28	36	23	50	62	31	31	50	52	38	34	37	56	48	25	35	58	82	84	41	40	30	64	75	34	31	46	26	42	42	37	43	65	38	40	38	57	54	24	37	48	38	59	82	59	59	14	54	29	89	87	37	43	77	29	31
28	11	64	9	16	47	71	17	58	35	29	69	2	89	17	19	54	3	9	43	78	8	53	60	38	83	74	55	78	19	69	15	24	62	77	17	32	6	69	67	59	0	9	54	22	4	66	49	40	9	3	41	55	81	78	53	71	62	5	76	46	69	63	23	42	50	68	41	56	39	73	69	13	76	59	88	45	30	7	42	28	80	6	7	41	39	11	84	5	52	4	5	65	9	48	41	36	68	74	43	54	28
21	10	61	6	8	46	62	19	52	38	38	59	10	84	9	9	54	9	10	43	68	16	44	61	45	74	65	54	70	13	60	13	33	52	75	12	27	3	60	58	52	9	0	52	15	10	57	40	35	4	13	39	52	71	69	51	61	60	5	67	43	60	54	31	50	50	59	38	48	46	63	60	6	67	58	78	44	30	16	41	18	70	5	2	36	38	5	80	8	48	12	13	57	3	45	42	38	58	65	39	51	21
35	43	10	58	45	10	71	38	27	29	64	70	52	39	46	49	10	51	45	13	72	60	69	22	50	76	77	6	50	40	79	40	69	63	24	63	76	53	65	66	33	54	52	0	64	50	60	60	20	48	56	13	2	82	83	5	66	9	53	79	11	67	83	74	61	10	71	14	85	51	67	63	46	59	9	75	10	25	59	12	51	71	56	52	18	16	46	33	57	96	51	51	47	55	7	93	90	68	74	88	4	35
30	25	73	13	20	60	57	34	59	53	49	54	24	93	18	16	67	23	25	57	64	25	36	76	59	70	58	67	73	25	52	28	42	48	87	6	12	17	56	54	57	22	15	64	0	24	55	35	46	20	24	51	65	64	61	65	58	73	18	60	54	56	43	36	64	63	53	50	35	60	60	57	20	67	71	75	57	45	25	55	17	67	16	16	47	51	20	90	17	33	26	27	59	13	57	32	30	53	59	24	63	30
26	8	60	12	15	43	71	13	56	31	28	69	2	86	17	19	50	1	6	39	77	10	54	56	35	83	74	51	76	17	70	11	25	61	74	20	35	8	69	67	57	4	10	50	24	0	66	50	37	8	6	38	51	81	79	49	70	58	7	77	43	69	65	25	40	46	69	37	58	36	72	69	12	75	55	87	41	26	9	39	28	79	9	8	38	35	10	81	9	56	2	3	64	11	44	45	40	67	74	46	50	26
42	60	62	61	51	65	11	64	35	74	93	11	66	63	49	48	70	65	62	64	12	74	25	81	93	18	17	67	26	51	23	58	90	9	71	60	60	61	4	7	28	66	57	60	55	66	0	21	45	58	70	55	59	21	24	65	6	65	62	20	51	7	35	88	102	67	13	54	46	93	7	3	54	14	69	21	62	63	73	62	40	13	62	60	46	60	56	64	65	68	68	69	16	59	55	83	84	9	14	67	57	42
31	45	65	43	35	61	22	51	41	65	78	20	50	74	33	31	68	49	46	60	29	56	9	79	81	35	25	65	44	37	22	44	73	13	77	40	39	43	22	19	36	49	40	60	35	50	21	0	40	42	53	50	59	31	29	63	23	67	45	27	49	21	23	69	88	65	19	49	29	81	25	23	38	34	69	41	58	54	55	57	22	32	45	42	43	55	40	74	46	49	52	53	30	41	53	63	63	19	25	47	57	31
16	29	28	42	28	21	54	27	20	31	58	53	38	49	28	30	27	37	31	20	57	47	49	39	51	62	60	25	43	22	60	26	60	45	41	46	57	38	49	49	23	40	35	20	46	37	45	40	0	32	43	10	20	65	66	23	50	28	38	62	9	50	63	62	61	24	53	9	65	52	51	48	29	47	29	63	18	20	46	18	31	57	40	37	2	16	30	45	42	76	39	39	35	38	13	76	73	51	58	69	18	16
20	6	57	10	7	42	64	14	50	33	36	61	8	82	9	11	49	7	6	38	69	16	47	57	41	75	67	50	69	10	63	9	32	54	71	17	31	5	61	59	50	9	4	48	20	8	58	42	32	0	12	35	49	73	71	47	63	56	6	69	39	61	58	32	47	45	61	34	52	42	64	61	4	67	53	79	40	26	15	37	20	71	8	5	33	33	2	77	10	52	10	11	56	7	41	46	42	60	66	43	47	20
32	13	66	11	19	49	75	19	62	35	26	72	4	92	21	22	56	6	11	45	81	4	56	61	36	87	77	57	81	22	73	17	20	65	80	18	33	9	73	71	62	3	13	56	24	6	70	53	43	12	0	43	57	84	81	54	74	64	8	80	49	73	66	20	40	52	72	43	59	37	76	73	17	79	60	91	47	32	3	44	31	83	9	10	43	41	14	87	7	53	5	5	69	12	50	40	35	71	77	44	56	32
23	31	23	45	32	11	64	26	26	23	55	63	39	49	33	36	18	38	32	10	67	48	59	28	44	72	70	16	51	26	71	27	58	56	36	50	63	40	59	60	31	41	39	13	51	38	55	50	10	35	43	0	14	75	76	14	61	22	40	73	7	61	73	62	55	14	64	1	74	45	62	58	32	56	20	72	8	14	46	7	39	67	43	39	8	6	33	44	44	83	39	39	44	42	6	80	77	61	68	75	13	23
35	45	9	59	46	12	69	39	25	32	66	69	53	37	47	49	12	52	46	15	70	62	68	24	53	74	76	9	48	40	78	41	71	62	22	64	77	54	63	65	31	55	52	2	65	51	59	59	20	49	57	14	0	80	82	8	65	8	54	78	11	65	82	75	64	12	70	15	85	53	65	61	46	57	10	73	12	27	60	14	51	69	57	53	18	17	47	31	58	96	53	52	45	56	8	94	91	67	73	89	2	35
60	76	83	74	67	86	11	81	56	94	109	12	81	82	64	62	91	80	77	85	11	87	29	102	111	12	6	88	43	67	14	75	104	20	92	70	66	74	17	16	50	81	71	82	64	81	21	31	65	73	84	75	80	0	6	86	15	87	76	4	72	15	29	100	119	88	12	74	43	111	15	19	69	28	90	20	83	82	87	83	53	15	76	74	67	80	71	84	77	68	83	84	36	72	76	88	90	14	7	70	78	60
59	74	85	71	65	87	13	80	59	94	107	13	79	86	62	60	92	78	76	86	17	84	25	104	110	19	7	89	48	66	9	74	101	21	95	67	62	72	20	17	52	78	69	83	61	79	24	29	66	71	81	76	82	6	0	88	19	89	74	4	73	17	23	97	118	90	12	75	37	111	19	22	67	33	92	26	84	82	84	84	51	20	73	71	68	81	69	88	75	62	81	82	40	69	78	83	86	15	10	65	80	59
37	42	14	57	45	6	75	36	32	25	61	74	50	44	46	49	5	49	44	10	77	58	72	17	46	81	81	2	56	40	83	39	66	67	26	63	77	53	69	70	38	53	51	5	65	49	65	63	23	47	54	14	8	86	88	0	71	10	52	84	14	71	86	71	57	4	75	15	88	46	72	68	45	64	6	80	8	23	57	10	53	76	55	52	21	14	46	37	56	97	50	49	52	54	10	93	89	72	79	89	9	37
47	64	67	65	56	71	6	69	41	80	98	8	71	67	54	52	76	70	66	70	7	78	26	87	98	13	12	72	30	55	19	63	95	10	76	63	62	65	2	4	34	71	61	66	58	70	6	23	50	63	74	61	65	15	19	71	0	71	66	14	57	2	33	92	107	73	9	60	45	99	2	3	58	16	75	18	68	68	77	68	44	9	66	64	52	66	61	69	68	69	73	73	21	63	61	85	86	6	9	69	62	47
43	52	5	66	53	16	76	46	31	36	71	76	60	34	55	57	12	59	53	20	77	68	76	20	56	80	83	9	52	48	85	48	76	69	16	72	85	62	70	72	37	62	60	9	73	58	65	67	28	56	64	22	8	87	89	10	71	0	62	85	19	72	90	81	67	14	77	22	93	56	72	68	54	63	7	79	18	33	67	20	60	76	64	61	26	24	55	27	66	104	60	59	51	63	16	102	98	74	80	97	10	43
25	10	63	6	12	47	67	18	56	37	33	64	6	87	13	14	54	6	9	43	73	11	49	61	42	79	70	55	74	16	65	14	28	57	77	13	28	2	65	63	56	5	5	53	18	7	62	45	38	6	8	40	54	76	74	52	66	62	0	72	45	65	59	26	46	50	64	40	52	43	68	65	10	72	59	83	45	31	11	42	23	75	2	2	39	39	8	83	4	49	8	9	62	5	47	40	36	63	70	40	53	25
56	72	81	70	63	83	9	77	55	91	105	9	77	82	60	58	88	76	73	82	12	83	25	100	107	15	2	85	44	63	10	71	100	17	91	66	62	70	15	13	48	76	67	79	60	77	20	27	62	69	80	73	78	4	4	84	14	85	72	0	69	13	25	96	115	86	9	72	39	108	15	18	65	29	88	23	80	79	82	80	49	16	71	69	64	78	67	83	73	64	79	80	35	67	74	84	86	11	6	66	76	56
25	36	19	49	36	14	61	31	20	29	61	60	44	43	36	39	19	43	38	15	63	53	58	31	51	67	67	16	45	30	68	32	64	53	32	54	66	45	55	56	25	46	43	11	54	43	51	49	9	39	49	7	11	72	73	14	57	19	45	69	0	57	72	68	61	17	61	7	74	51	58	54	36	51	20	67	12	21	52	12	40	63	47	44	7	13	38	38	49	85	45	44	39	46	4	84	81	58	65	78	9	25
46	63	68	64	54	71	4	68	42	80	97	5	69	69	52	51	76	68	65	70	8	76	23	88	97	14	11	73	32	54	17	62	93	8	77	61	60	63	2	2	35	69	60	67	56	69	7	21	50	61	73	61	65	15	17	71	2	72	65	13	57	0	30	90	106	74	7	60	42	98	4	5	57	18	75	20	68	68	76	68	42	11	65	62	52	66	59	70	67	66	71	72	22	61	61	83	84	4	8	66	63	46
52	62	88	55	53	84	28	69	63	86	92	25	64	96	50	47	91	64	63	82	35	68	14	102	99	39	24	88	61	56	15	63	85	26	100	49	41	57	33	29	58	63	54	83	43	65	35	23	63	58	66	73	82	29	23	86	33	90	59	25	72	30	0	79	105	87	24	72	14	100	34	35	55	48	92	47	81	75	68	80	39	39	58	57	65	77	57	96	59	39	67	68	49	54	76	61	64	26	27	42	80	52
51	33	84	27	38	65	92	36	81	49	21	89	24	111	40	40	72	25	31	62	98	15	71	75	41	104	94	73	101	41	88	37	10	82	97	30	40	28	90	88	82	23	31	74	36	25	88	69	62	32	20	62	75	100	97	71	92	81	26	96	68	90	79	0	39	68	88	61	69	42	94	91	36	98	77	109	64	49	16	61	48	101	26	29	63	58	34	106	24	56	23	24	88	29	68	35	28	88	94	46	74	51
60	43	71	51	53	52	109	38	81	32	18	106	40	101	55	58	55	41	42	49	114	39	94	52	11	119	113	58	104	52	109	44	29	99	81	58	72	48	105	104	84	42	50	61	64	40	102	88	61	47	40	55	64	119	118	57	107	67	46	115	61	106	105	39	0	52	106	55	98	11	108	105	51	107	60	122	52	42	39	50	67	115	48	48	61	49	48	94	47	92	38	37	95	51	59	73	67	105	112	82	64	60
37	40	19	55	44	3	78	33	36	21	57	77	48	48	45	48	4	47	42	7	80	56	73	14	41	84	83	6	59	39	85	37	62	69	30	62	76	51	72	73	41	50	50	10	63	46	67	65	24	45	52	14	12	88	90	4	73	14	50	86	17	74	87	68	52	0	77	15	88	42	74	70	44	67	9	84	7	20	54	8	53	79	53	50	22	12	44	41	54	96	47	46	55	53	12	91	87	75	81	88	13	37
48	63	73	62	54	75	4	69	47	82	96	2	69	76	52	50	80	68	65	74	12	75	19	92	98	17	6	77	39	55	10	62	92	8	83	59	56	62	9	6	40	68	59	71	53	69	13	19	53	61	72	64	70	12	12	75	9	77	64	9	61	7	24	88	106	77	0	63	36	99	11	12	57	25	80	24	71	70	74	71	41	16	64	61	56	69	59	77	65	61	71	72	28	60	65	79	80	3	6	61	67	48
22	30	23	44	31	12	63	25	26	23	55	62	39	49	32	35	19	38	32	11	66	47	58	30	45	71	69	17	50	26	70	26	58	55	37	49	62	40	58	59	30	41	38	14	50	37	54	49	9	34	43	1	15	74	75	15	60	22	40	72	7	60	72	61	55	15	63	0	73	45	61	57	32	56	21	71	9	14	46	8	38	66	42	39	7	7	32	44	44	82	39	38	43	41	7	79	76	60	67	74	13	22
52	57	91	47	49	85	41	65	69	83	84	38	58	103	46	43	92	57	58	82	48	60	21	102	93	53	38	90	71	53	29	59	76	37	104	41	29	50	44	40	64	56	48	85	35	58	46	29	65	52	59	74	85	43	37	88	45	93	52	39	74	42	14	69	98	88	36	73	0	94	47	46	50	59	94	60	81	73	60	80	36	52	50	50	67	77	52	102	51	25	60	61	58	47	78	48	51	39	41	29	83	52
52	38	60	48	47	41	101	31	71	22	22	99	37	90	49	52	44	37	37	38	106	38	88	41	1	111	105	47	95	45	103	37	32	91	70	55	70	44	97	97	75	39	46	51	60	36	93	81	52	42	37	45	53	111	111	46	99	56	43	108	51	98	100	42	11	42	99	45	94	0	100	96	45	98	49	113	41	32	37	39	61	107	45	44	51	38	43	83	44	91	34	33	86	47	49	75	69	97	104	81	53	52
49	66	68	67	58	72	7	71	41	81	100	9	73	67	56	54	76	72	68	71	5	80	28	88	100	11	13	73	29	57	21	65	97	12	76	65	64	67	3	7	34	73	63	67	60	72	7	25	51	64	76	62	65	15	19	72	2	72	68	15	58	4	34	94	108	74	11	61	47	100	0	4	60	14	76	15	69	70	79	69	46	7	68	66	53	67	63	69	70	71	75	75	21	65	62	87	88	8	9	71	63	49
45	63	64	64	54	68	9	67	37	78	96	10	69	64	52	51	73	68	65	67	9	76	27	84	96	15	16	69	27	54	22	61	93	10	73	62	62	64	2	6	31	69	60	63	57	69	3	23	48	61	73	58	61	19	22	68	3	68	65	18	54	5	35	91	105	70	12	57	46	96	4	0	57	13	72	18	65	66	76	65	42	10	65	63	49	63	59	66	67	70	71	72	17	61	58	85	86	9	12	69	59	45
15	7	55	13	2	41	59	15	46	34	40	57	13	78	5	7	48	12	9	37	65	21	43	56	44	71	63	48	64	6	59	9	37	49	69	18	32	9	57	55	46	13	6	46	20	12	54	38	29	4	17	32	46	69	67	45	58	54	10	65	36	57	55	36	51	44	57	32	50	45	60	57	0	62	52	75	38	25	20	36	16	67	11	8	30	32	2	74	13	52	15	15	52	9	39	48	45	55	62	44	45	15
49	68	58	72	60	65	21	70	32	78	101	23	75	53	58	58	69	74	70	66	17	83	39	81	98	19	27	65	15	58	35	65	99	22	65	71	73	70	15	19	26	76	67	59	67	75	14	34	47	67	79	56	57	28	33	64	16	63	72	29	51	18	48	98	107	67	25	56	59	98	14	13	62	0	67	16	63	67	82	63	50	14	72	69	49	62	65	56	74	82	77	77	12	69	55	96	96	22	23	81	55	49
43	49	12	64	51	12	80	42	35	30	65	79	56	41	53	56	6	56	50	16	81	64	78	14	49	85	86	4	58	46	88	45	71	72	21	70	83	59	74	75	42	59	58	9	71	55	69	69	29	53	60	20	10	90	92	6	75	7	59	88	20	75	92	77	60	9	80	21	94	49	76	72	52	67	0	83	14	29	63	16	59	80	61	58	27	20	52	34	63	103	56	55	56	61	15	99	95	77	83	95	12	43
62	81	74	82	72	81	20	84	48	93	114	23	87	67	70	69	85	86	82	82	12	95	43	97	112	8	23	82	29	71	32	79	111	27	80	80	80	82	19	22	42	88	78	75	75	87	21	41	63	79	91	72	73	20	26	80	18	79	83	23	67	20	47	109	122	84	24	71	60	113	15	18	75	16	83	0	79	82	94	79	61	9	84	81	64	78	77	70	86	85	89	90	28	80	71	103	104	23	20	86	71	62
30	35	20	50	38	3	72	28	32	20	54	71	43	49	39	42	10	42	36	3	74	51	67	21	41	79	78	10	56	32	78	31	59	63	33	56	69	45	66	67	37	45	44	10	57	41	62	58	18	40	47	8	12	83	84	8	68	18	45	80	12	68	81	64	52	7	71	9	81	41	69	65	38	63	14	79	0	15	49	2	46	74	47	44	16	6	38	43	49	89	42	41	51	47	8	85	81	69	75	81	12	30
23	21	35	36	26	17	71	13	39	12	40	70	28	63	28	31	24	27	22	13	75	36	61	31	31	80	76	25	63	21	75	17	44	62	48	42	57	31	67	67	43	30	30	25	45	26	63	54	20	26	32	14	27	82	82	23	68	33	31	79	21	68	75	49	42	20	70	14	73	32	70	66	25	67	29	82	15	0	34	13	37	76	33	30	19	9	25	57	34	78	27	26	55	33	20	71	67	68	75	69	26	23
35	17	69	13	22	51	78	21	65	37	24	75	8	95	24	25	58	9	15	47	84	2	59	63	36	90	80	59	84	25	75	20	18	68	82	20	34	12	76	74	65	7	16	59	25	9	73	55	46	15	3	46	60	87	84	57	77	67	11	82	52	76	68	16	39	54	74	46	60	37	79	76	20	82	63	94	49	34	0	47	34	86	11	13	47	43	18	90	9	54	7	8	72	15	53	39	34	74	80	44	59	35
29	32	23	47	36	5	72	26	33	18	52	70	40	51	37	40	12	39	34	2	74	48	66	22	39	79	77	12	57	30	78	29	57	63	36	54	67	43	66	67	38	42	41	12	55	39	62	57	18	37	44	7	14	83	84	10	68	20	42	80	12	68	80	61	50	8	71	8	80	39	69	65	36	63	16	79	2	13	47	0	45	74	45	42	16	4	36	45	46	88	40	39	51	45	9	83	79	68	75	80	14	29
16	24	59	22	14	49	44	31	42	48	56	41	28	77	12	9	56	27	25	46	50	34	27	66	60	56	47	55	55	17	42	24	51	34	72	21	27	22	42	40	40	28	18	51	17	28	40	22	31	20	31	39	51	53	51	53	44	60	23	49	40	42	39	48	67	53	41	38	36	61	46	42	16	50	59	61	46	37	34	45	0	52	23	21	33	41	19	74	25	45	30	31	42	19	44	49	48	40	47	39	49	16
55	73	71	74	64	77	11	77	45	87	107	15	80	67	62	61	81	79	75	77	4	87	34	93	106	5	16	78	29	64	25	71	103	19	79	72	71	74	10	13	38	80	70	71	67	79	13	32	57	71	83	67	69	15	20	76	9	76	75	16	63	11	39	101	115	79	16	66	52	107	7	10	67	14	80	9	74	76	86	74	52	0	75	73	59	73	69	70	77	76	81	82	24	72	67	94	95	14	12	77	67	55
27	12	65	3	13	50	67	20	57	39	34	64	8	89	14	15	57	8	11	46	73	11	48	63	43	79	69	57	75	18	64	16	28	57	79	11	26	2	65	63	57	6	5	56	16	9	62	45	40	8	9	43	57	76	73	55	66	64	2	71	47	65	58	26	48	53	64	42	50	45	68	65	11	72	61	84	47	33	11	45	23	75	0	3	41	41	10	85	2	47	10	11	62	4	49	38	34	63	69	38	55	27
23	10	62	5	10	47	65	18	54	37	35	62	8	86	11	12	54	7	9	43	71	14	46	61	43	77	67	54	72	14	63	13	31	55	76	12	28	1	62	61	54	7	2	52	16	8	60	42	37	5	10	39	53	74	71	52	64	61	2	69	44	62	57	29	48	50	61	39	50	44	66	63	8	69	58	81	44	30	13	42	21	73	3	0	38	38	6	82	6	49	10	11	59	3	46	41	37	61	67	39	52	23
17	30	26	43	29	19	56	27	20	30	58	55	39	48	29	32	25	38	32	18	59	48	51	36	50	64	62	23	44	24	62	26	60	47	40	47	59	39	51	51	24	41	36	18	47	38	46	43	2	33	43	8	18	67	68	21	52	26	39	64	7	52	65	63	61	22	56	7	67	51	53	49	30	49	27	64	16	19	47	16	33	59	41	38	0	14	31	44	43	78	39	39	36	39	11	78	74	53	60	71	16	17
25	29	26	43	32	9	70	22	33	17	49	68	36	54	33	36	16	36	30	6	73	45	63	25	38	77	75	16	57	26	75	25	53	61	39	50	63	39	65	65	37	39	38	16	51	35	60	55	16	33	41	6	17	80	81	14	66	24	39	78	13	66	77	58	49	12	69	7	77	38	67	63	32	62	20	78	6	9	43	4	41	73	41	38	14	0	32	48	42	84	36	35	50	41	11	79	75	66	73	76	17	25
17	6	56	12	5	41	62	14	48	33	38	59	10	80	7	9	48	9	6	37	68	19	45	56	42	73	65	48	67	8	61	8	34	52	70	18	32	7	59	57	48	11	5	46	20	10	56	40	30	2	14	33	47	71	69	46	61	55	8	67	38	59	57	34	48	44	59	32	52	43	63	59	2	65	52	77	38	25	18	36	19	69	10	6	31	32	0	75	12	53	12	13	54	9	39	47	43	58	65	44	46	17
60	74	23	87	73	43	75	69	33	62	97	75	83	7	73	75	39	82	76	46	72	91	82	46	83	74	81	36	41	68	87	70	102	70	16	91	101	83	68	71	38	84	80	33	90	81	64	74	45	77	87	44	31	84	88	37	69	27	83	83	38	70	96	106	94	41	77	44	102	83	69	66	74	56	34	70	43	57	90	45	74	70	85	82	44	48	75	0	87	118	83	82	48	83	38	121	118	73	78	113	31	60
29	14	67	4	15	51	69	22	60	40	33	66	8	91	16	17	58	8	12	47	75	9	50	65	43	81	71	59	77	20	66	18	27	59	81	11	26	4	67	65	59	5	8	57	17	9	65	46	42	10	7	44	58	77	75	56	68	66	4	73	49	67	59	24	47	54	65	44	51	44	70	67	13	74	63	86	49	34	9	46	25	77	2	6	43	42	12	87	0	47	10	11	65	6	51	37	32	65	71	37	57	29
61	58	103	44	52	92	65	67	86	86	75	62	55	120	50	47	100	55	58	89	73	53	43	108	90	78	63	99	92	57	54	61	65	60	117	36	21	48	68	64	82	52	48	96	33	56	68	49	76	52	53	83	96	68	62	97	69	104	49	64	85	66	39	56	92	96	61	82	25	91	71	70	52	82	103	85	89	78	54	88	45	76	47	49	78	84	53	118	47	0	57	58	78	45	88	26	32	62	65	10	94	61
29	10	62	13	17	44	74	14	58	31	26	71	2	88	19	21	51	3	8	40	80	9	56	56	33	86	77	52	78	19	73	13	22	64	75	21	36	10	71	70	59	4	12	51	26	2	68	52	39	10	5	39	53	83	81	50	73	60	8	79	45	71	67	23	38	47	71	39	60	34	75	71	15	77	56	89	42	27	7	40	30	81	10	10	39	36	12	83	10	57	0	1	66	13	45	45	40	70	77	47	52	29
29	10	61	14	18	43	74	13	58	30	25	72	3	87	20	22	50	4	8	40	80	9	57	55	32	86	78	51	78	19	73	13	22	64	74	22	37	11	72	70	59	5	13	51	27	3	69	53	39	11	5	39	52	84	82	49	73	59	9	80	44	72	68	24	37	46	72	38	61	33	75	72	15	77	55	90	41	26	8	39	31	82	11	11	39	35	13	82	11	58	1	0	66	14	45	46	41	71	77	48	51	29
38	57	47	62	50	53	26	59	21	66	90	27	65	47	48	48	57	64	59	53	25	73	37	69	86	29	33	54	14	47	38	54	89	22	56	62	67	60	20	22	14	65	57	47	59	64	16	30	35	56	69	44	45	36	40	52	21	51	62	35	39	22	49	88	95	55	28	43	58	86	21	17	52	12	56	28	51	55	72	51	42	24	62	59	36	50	54	48	65	78	66	66	0	59	43	89	89	25	30	76	43	38
24	13	64	3	11	49	63	21	55	40	38	60	11	87	11	11	57	10	12	46	69	15	44	64	46	75	65	57	72	16	60	16	32	53	78	9	24	3	61	59	54	9	3	55	13	11	59	41	38	7	12	42	56	72	69	54	63	63	5	67	46	61	54	29	51	53	60	41	47	47	65	61	9	69	61	80	47	33	15	45	19	72	4	3	39	41	9	83	6	45	13	14	59	0	48	39	35	59	65	36	54	24
28	37	16	51	38	10	66	32	24	27	60	65	45	43	39	41	15	45	39	11	67	54	62	26	48	72	71	12	48	32	73	33	64	57	30	56	69	47	60	61	29	48	45	7	57	44	55	53	13	41	50	6	8	76	78	10	61	16	47	74	4	61	76	68	59	12	65	7	78	49	62	58	39	55	15	71	8	20	53	9	44	67	49	46	11	11	39	38	51	88	45	45	43	48	0	86	83	62	69	81	6	28
61	50	103	36	49	88	83	58	91	76	56	80	44	125	48	46	95	44	49	84	91	38	60	101	74	96	82	95	104	54	74	54	45	75	117	30	23	40	84	81	89	41	42	93	32	45	83	63	76	46	40	80	94	88	83	93	85	102	40	84	84	83	61	35	73	91	79	79	48	75	87	85	48	96	99	103	85	71	39	83	49	94	38	41	78	79	47	121	37	26	45	46	89	39	86	0	7	80	84	19	93	61
59	46	99	32	46	83	84	53	89	71	49	81	39	122	45	44	90	40	45	80	92	32	62	96	67	98	84	91	103	51	76	50	38	76	113	28	24	36	85	82	87	36	38	90	30	40	84	63	73	42	35	77	91	90	86	89	86	98	36	86	81	84	64	28	67	87	80	76	51	69	88	86	45	96	95	104	81	67	34	79	48	95	34	37	74	75	43	118	32	32	40	41	89	35	83	7	0	81	86	23	89	59
46	62	70	61	53	72	4	67	44	80	95	2	68	72	51	49	77	67	64	71	11	74	20	89	97	17	9	74	35	53	14	61	91	6	80	59	57	62	6	2	37	68	58	68	53	67	9	19	51	60	71	61	67	14	15	72	6	74	63	11	58	4	26	88	105	75	3	60	39	97	8	9	55	22	77	23	69	68	74	68	40	14	63	61	53	66	58	73	65	62	70	71	25	59	62	80	81	0	7	63	64	46
53	69	76	68	60	78	3	74	49	87	102	5	74	76	58	56	83	74	71	78	8	81	24	95	104	12	4	80	38	60	13	68	98	13	85	65	62	68	10	8	43	74	65	74	59	74	14	25	58	66	77	68	73	7	10	79	9	80	70	6	65	8	27	94	112	81	6	67	41	104	9	12	62	23	83	20	75	75	80	75	47	12	69	67	60	73	65	78	71	65	77	77	30	65	69	84	86	7	0	67	71	53
54	49	97	34	44	84	66	58	81	76	65	62	45	115	42	40	92	45	48	81	73	43	43	100	80	79	64	91	90	49	56	52	55	59	110	27	12	39	68	64	77	43	39	88	24	46	67	47	69	43	44	75	89	70	65	89	69	97	40	66	78	66	42	46	82	88	61	74	29	81	71	69	44	81	95	86	81	69	44	80	39	77	38	39	71	76	44	113	37	10	47	48	76	36	81	19	23	63	67	0	87	54
33	43	10	57	44	13	67	38	23	32	66	67	52	37	45	47	14	51	45	15	68	61	66	25	53	72	73	10	46	39	75	39	70	59	24	62	75	53	61	62	29	54	51	4	63	50	57	57	18	47	56	13	2	78	80	9	62	10	53	76	9	63	80	74	64	13	67	13	83	53	63	59	45	55	12	71	12	26	59	14	49	67	55	52	16	17	46	31	57	94	52	51	43	54	6	93	89	64	71	87	0	33
0	19	43	28	13	33	49	22	31	35	52	47	27	64	13	15	40	26	21	31	54	36	38	50	51	60	54	39	49	10	52	17	51	40	57	31	42	24	46	45	31	28	21	35	30	26	42	31	16	20	32	23	35	60	59	37	47	43	25	56	25	46	52	51	60	37	48	22	52	52	49	45	15	49	43	62	30	23	35	29	16	55	27	23	17	25	17	60	29	61	29	29	38	24	28	61	59	46	53	54	33	0




