Number of nodes= 27
Number of caregiver= 9 
Number of group=3

Caregiver_cost=
133	201	123	183	164	111	172	123	188


Caregiver in group=
Group_1:3	6	8	
Group_2:1	5		
Group_3:2	4	7	9
				


skill matrix=
Caregiver1:0	1	2	4	5	7	8	9	10	11	12	13	14	16	17	18	19	20	21	23	24	25	26
Caregiver2:0	3	6	9	11	13	15	16	17	18	19	20	22	23	26								
Caregiver3:0	1	2	4	5	7	8	10	12	14	21	24	25	26									
Caregiver4:0	3	6	9	11	13	15	16	17	18	19	20	22	23	26								
Caregiver5:0	3	6	9	11	13	15	16	17	18	19	20	22	23	26								
Caregiver6:0	9	11	13	16	17	18	19	20	23	26												
Caregiver7:0	1	2	4	5	7	8	9	10	11	12	13	14	16	17	18	19	20	21	23	24	25	26
Caregiver8:0	3	6	15	22	26						
Caregiver9:0	1	2	3	4	5	6	7	8	10	12	14	15	21	22	24	25	26					
		
	

type of shift per day=2
number of days=7
Number of shitfs=14

Service time of node=
0	57	28	46	27	23	28	37	33	26	37	49	23	47	37	52	24	29	49	51	60	57	51	38	42	60	0

Time window for ptient matrix (day,patient) :first line alfa and second beta
0	480	0	0	577	879	680	484	981	0	0	781	840	724	0	0	480	0	0	0	0	797	0	573	968	837	0
0	780	0	0	607	909	780	575	1073	0	0	900	870	754	0	0	592	0	0	0	0	827	0	603	998	948	0
0	0	0	0	676	0	948	641	946	0	0	0	0	720	941	562	0	0	0	0	0	900	0	623	916	0	0
0	0	0	0	759	0	1015	755	976	0	0	0	0	750	1039	592	0	0	0	0	0	1010	0	736	946	0	0
0	0	0	993	0	0	634	666	0	780	541	0	882	0	0	579	498	957	970	0	0	780	0	530	0	523	0
0	0	0	1023	0	0	725	696	0	1080	602	0	954	0	0	660	606	1039	1000	0	0	1080	0	560	0	599	0
0	0	0	0	0	0	0	853	837	526	0	530	0	0	0	492	0	0	0	0	0	0	535	0	0	806	0
0	0	0	0	0	0	0	948	942	590	0	599	0	0	0	562	0	0	0	0	0	0	634	0	0	902	0
0	995	482	0	0	0	0	0	0	0	0	900	0	0	0	0	528	0	0	968	780	0	0	0	713	0	0
0	1025	546	0	0	0	0	0	0	0	0	981	0	0	0	0	641	0	0	1033	1080	0	0	0	778	0	0
0	0	0	881	480	0	0	0	0	0	719	0	890	539	0	592	0	833	600	480	780	0	551	0	982	0	0
0	0	0	972	780	0	0	0	0	0	749	0	983	603	0	661	0	916	630	780	1080	0	615	0	1012	0	0
0	0	1000	780	817	838	0	0	0	0	0	0	0	798	799	0	878	0	505	0	668	0	0	0	0	0	0
0	0	1030	865	847	868	0	0	0	0	0	0	0	872	870	0	993	0	587	0	698	0	0	0	0	0	0



CII matrix(caregiver, patient)
0	4	6	0	7	4	0	5	5	3	5	7	6	7	4	0	6	6	3	4	7	6	0	5	7	5	0
0	0	0	4	0	0	3	0	0	4	0	4	0	4	0	4	4	1	5	1	4	0	1	2	0	0	0
0	10	8	0	7	10	0	10	8	0	7	0	10	0	10	0	0	0	0	0	0	10	0	0	8	6	0
0	0	0	4	0	0	2	0	0	4	0	1	0	4	0	5	4	1	1	1	3	0	1	3	0	0	0
0	0	0	7	0	0	3	0	0	5	0	7	0	6	0	5	3	3	7	7	3	0	4	7	0	0	0
0	0	0	0	0	0	0	0	0	7	0	10	0	9	0	0	7	7	7	8	8	0	0	6	0	0	0
0	4	5	0	2	1	0	1	1	2	5	1	5	1	2	0	2	1	4	1	5	4	0	4	1	1	0
0	0	0	8	0	0	9	0	0	0	0	0	0	0	0	9	0	0	0	0	0	0	7	0	0	0	0
0	2	5	3	5	4	5	1	4	0	2	0	1	0	2	2	0	0	0	0	0	2	2	0	5	5	0


travel time=
0	40	37	26	39	43	40	32	41	36	40	35	40	40	23	45	29	47	37	43	25	36	43	24	28	31	0
40	0	5	64	15	14	5	19	3	23	12	9	9	8	63	15	67	14	20	11	65	73	9	64	68	67	40
37	5	0	62	10	11	3	13	4	18	8	3	5	4	60	12	65	12	15	9	62	71	7	61	65	65	37
26	64	62	0	65	69	65	58	66	62	66	60	65	65	9	70	3	72	62	69	4	11	68	8	9	8	26
39	15	10	65	0	4	9	8	12	9	3	8	6	7	62	6	68	9	6	6	64	75	8	63	66	69	39
43	14	11	69	4	0	9	12	11	13	3	10	6	7	66	2	72	4	10	3	68	79	6	67	71	73	43
40	5	3	65	9	9	0	15	2	18	7	6	3	2	64	10	68	9	15	6	65	75	4	65	68	68	40
32	19	13	58	8	12	15	0	17	6	10	10	12	12	55	13	61	17	5	14	57	68	15	56	59	63	32
41	3	4	66	12	11	2	17	0	21	9	7	6	5	65	12	69	11	18	8	66	75	6	66	69	69	41
36	23	18	62	9	13	18	6	21	0	12	15	15	16	58	13	64	17	3	16	61	72	17	59	62	67	36
40	12	8	66	3	3	7	10	9	12	0	7	3	4	64	5	69	7	9	3	66	76	5	65	68	70	40
35	9	3	60	8	10	6	10	7	15	7	0	5	4	58	12	63	13	12	9	60	70	8	60	63	64	35
40	9	5	65	6	6	3	12	6	15	3	5	0	1	63	7	68	8	12	4	65	75	3	64	67	68	40
40	8	4	65	7	7	2	12	5	16	4	4	1	0	63	8	68	9	13	5	65	74	3	64	67	68	40
23	63	60	9	62	66	64	55	65	58	64	58	63	63	0	67	9	70	59	67	4	18	66	2	4	16	23
45	15	12	70	6	2	10	13	12	13	5	12	7	8	67	0	73	4	10	4	70	80	7	69	72	74	45
29	67	65	3	68	72	68	61	69	64	69	63	68	68	9	73	0	76	65	72	5	9	71	8	8	8	29
47	14	12	72	9	4	9	17	11	17	7	13	8	9	70	4	76	0	14	4	72	82	5	71	75	76	47
37	20	15	62	6	10	15	5	18	3	9	12	12	13	59	10	65	14	0	12	62	73	14	60	63	67	37
43	11	9	69	6	3	6	14	8	16	3	9	4	5	67	4	72	4	12	0	69	78	2	68	71	72	43
25	65	62	4	64	68	65	57	66	61	66	60	65	65	4	70	5	72	62	69	0	14	68	3	5	12	25
36	73	71	11	75	79	75	68	75	72	76	70	75	74	18	80	9	82	73	78	14	0	78	17	16	7	36
43	9	7	68	8	6	4	15	6	17	5	8	3	3	66	7	71	5	14	2	68	78	0	67	71	72	43
24	64	61	8	63	67	65	56	66	59	65	60	64	64	2	69	8	71	60	68	3	17	67	0	3	15	24
28	68	65	9	66	71	68	59	69	62	68	63	67	67	4	72	8	75	63	71	5	16	71	3	0	16	28
31	67	65	8	69	73	68	63	69	67	70	64	68	68	16	74	8	76	67	72	12	7	72	15	16	0	31
0	40	37	26	39	43	40	32	41	36	40	35	40	40	23	45	29	47	37	43	25	36	43	24	28	31	0


	