Number of nodes= 27
Number of caregiver= 7 
Number of group=3

Caregiver_cost=
130	205	164	123	146	119	136


Caregiver in group=
Group_1:1	4	6
Group_2:3	5	7
Group_3:2		
			
			
	


skill matrix=
Caregiver1:0	2	3	9	11	13	17	19	21	24	26		
Caregiver2:0	4	6	8	9	11	13	14	15	16	17	18	19	20	22	23	24	25	26		
Caregiver3:0	4	6	8	9	11	13	14	15	17	18	19	20	22	23	24	25	26			
Caregiver4:0	4	5	6	7	8	10	12	14	15	18	20	22	23	25	26					
Caregiver5:0	1	2	3	4	5	6	7	8	10	12	14	15	16	18	20	21	22	23	25	26
Caregiver6:0	1	2	3	5	7	10	12	16	21	26		
Caregiver7:0	1	4	6	8	9	11	13	14	15	17	18	19	20	22	23	24	25	26		
	
		
	
type of shift per day=2
number of days=7
Number of shitfs=14

Service time of node=
0	20	41	48	30	39	46	36	24	44	24	24	46	40	32	44	54	34	48	31	49	24	50	53	22	42	0

Time window for ptient matrix (day,patient) :first line alfa and second beta
0	0	0	0	0	0	480	900	0	0	0	0	480	0	0	0	0	0	907	518	0	497	0	0	498	780	0
0	0	0	0	0	0	780	1007	0	0	0	0	780	0	0	0	0	0	937	548	0	527	0	0	528	1080	0
0	0	0	698	841	0	0	0	0	889	954	0	0	0	0	1014	505	542	809	907	0	1011	495	780	0	0	0
0	0	0	780	915	0	0	0	0	919	1056	0	0	0	0	1044	566	616	874	974	0	1041	614	890	0	0	0
0	780	823	0	0	780	678	622	780	780	692	559	0	622	957	666	531	482	0	0	0	865	0	692	0	0	0
0	1080	887	0	0	1080	708	714	1080	1080	722	631	0	687	1061	746	650	550	0	0	0	895	0	780	0	0	0
0	780	780	0	0	0	975	780	0	658	585	659	906	0	493	0	0	0	992	0	780	493	0	0	948	480	0
0	1080	899	0	0	0	1005	1080	0	688	660	689	936	0	564	0	0	0	1022	0	1080	597	0	0	1041	780	0
0	587	480	900	0	0	0	0	0	0	0	0	0	668	1007	0	607	0	0	848	0	0	860	0	0	0	0
0	679	780	990	0	0	0	0	0	0	0	0	0	760	1037	0	689	0	0	934	0	0	972	0	0	0	0
0	0	0	525	973	0	0	0	780	0	980	614	0	0	0	0	532	0	0	620	0	0	0	629	0	0	0
0	0	0	604	1080	0	0	0	1080	0	1058	644	0	0	0	0	562	0	0	650	0	0	0	712	0	0	0
0	0	1023	509	597	912	0	0	0	986	0	986	480	580	780	0	0	0	0	0	833	0	0	480	0	0	0
0	0	1053	589	687	997	0	0	0	1016	0	1016	780	679	1080	0	0	0	0	0	946	0	0	571	0	0	0




CII matrix(caregiver, patient)
0	0	8	9	0	0	0	0	0	10	0	10	0	10	0	0	0	10	0	8	0	7	0	0	8	0	0
0	0	0	0	4	0	3	0	2	5	0	1	0	4	1	2	2	1	2	1	2	0	2	4	3	1	0
0	0	0	0	7	0	6	0	6	5	0	4	0	7	6	6	0	4	6	7	5	0	7	6	3	5	0
0	0	0	0	10	8	8	7	8	0	8	0	9	0	10	9	0	0	6	0	8	0	10	8	0	6	0
0	5	6	3	7	4	3	4	6	0	3	0	3	0	7	5	4	0	5	0	5	6	6	7	0	3	0
0	10	7	9	0	10	0	7	0	0	7	0	7	0	0	0	6	0	0	0	0	7	0	0	0	0	0
0	5	0	0	7	0	7	0	4	7	0	7	0	7	3	7	0	5	7	4	7	0	4	5	4	3	0


travel time=
0	66	41	49	35	33	58	16	46	73	36	52	41	44	29	46	37	31	27	60	40	46	64	39	46	51	0
66	0	105	60	77	99	72	66	110	8	98	93	36	40	40	111	29	62	92	124	42	52	81	105	77	55	66
41	105	0	69	42	19	89	50	5	113	31	45	75	75	66	5	77	66	25	19	71	84	92	13	72	88	41
49	60	69	0	27	73	97	62	72	68	81	37	26	20	31	73	46	73	71	83	20	80	105	76	91	84	49
35	77	42	27	0	49	92	50	45	85	59	19	42	39	37	46	53	65	49	56	36	78	98	50	80	83	35
33	99	19	73	49	0	72	37	22	106	12	59	73	75	62	21	70	51	8	33	70	69	75	8	55	73	33
58	72	89	97	92	72	0	43	93	74	63	110	76	83	67	93	57	26	64	105	80	20	9	80	18	17	58
16	66	50	62	50	37	43	0	54	72	33	68	49	54	37	55	38	17	29	67	50	34	48	44	30	38	16
46	110	5	72	45	22	93	54	0	117	34	47	80	79	70	1	82	70	29	14	75	88	96	15	76	92	46
73	8	113	68	85	106	74	72	117	0	105	101	43	48	48	118	36	66	99	131	50	55	83	112	81	57	73
36	98	31	81	59	12	63	33	34	105	0	70	77	79	65	33	70	44	10	43	75	63	64	19	45	66	36
52	93	45	37	19	59	110	68	47	101	70	0	58	54	56	48	72	83	60	54	52	97	116	57	98	102	52
41	36	75	26	42	73	76	49	80	43	77	58	0	7	12	80	21	55	68	93	7	57	85	78	73	61	41
44	40	75	20	39	75	83	54	79	48	79	54	7	0	17	80	28	61	70	92	4	64	91	79	79	68	44
29	40	66	31	37	62	67	37	70	48	65	56	12	17	0	71	17	44	57	84	13	49	75	67	62	53	29
46	111	5	73	46	21	93	55	1	118	33	48	80	80	71	0	83	70	29	13	76	88	96	15	76	92	46
37	29	77	46	53	70	57	38	82	36	70	72	21	28	17	83	0	38	64	96	26	37	65	76	56	41	37
31	62	66	73	65	51	26	17	70	66	44	83	55	61	44	70	38	0	43	83	57	19	33	58	18	22	31
27	92	25	71	49	8	64	29	29	99	10	60	68	70	57	29	64	43	0	40	66	61	67	16	47	65	27
60	124	19	83	56	33	105	67	14	131	43	54	93	92	84	13	96	83	40	0	88	101	107	25	87	105	60
40	42	71	20	36	70	80	50	75	50	75	52	7	4	13	76	26	57	66	88	0	61	88	75	75	66	40
46	52	84	80	78	69	20	34	88	55	63	97	57	64	49	88	37	19	61	101	61	0	29	77	27	5	46
64	81	92	105	98	75	9	48	96	83	64	116	85	91	75	96	65	33	67	107	88	29	0	82	20	26	64
39	105	13	76	50	8	80	44	15	112	19	57	78	79	67	15	76	58	16	25	75	77	82	0	62	81	39
46	77	72	91	80	55	18	30	76	81	45	98	73	79	62	76	56	18	47	87	75	27	20	62	0	27	46
51	55	88	84	83	73	17	38	92	57	66	102	61	68	53	92	41	22	65	105	66	5	26	81	27	0	51
0	66	41	49	35	33	58	16	46	73	36	52	41	44	29	46	37	31	27	60	40	46	64	39	46	51	0
