Number of nodes= 42
Number of caregiver= 12
Number of group=2 

Caregiver_cost=
106	141	111	148	165	110	152	113	144	113	129	160


Caregiver in group=
Group_1:1	3	6	8	10	11
Group_2:2	4	5	7	9	12
			
			
	

skill matrix=
Caregiver1:0	3	9	10	12	13	16	17	21	23	24	27	33	35	38	40	41						
Caregiver2:0	3	4	5	6	7	9	10	12	13	15	16	17	18	19	20	21	22	23	24	25	26	27	28	29	30	32	33	34	35	36	37	38	39	40	41
Caregiver3:0	2	3	9	10	11	12	13	14	16	17	21	23	24	27	33	38	40	41				
Caregiver4:0	3	4	5	6	7	9	10	12	13	15	16	17	18	19	20	21	22	23	24	25	26	27	28	29	30	31	32	33	34	36	37	38	39	40	41
Caregiver5:0	1	3	4	5	6	7	9	10	12	13	15	16	17	18	20	21	22	23	24	25	26	27	28	29	30	32	33	34	36	37	38	39	40	41	
Caregiver6:0	4	5	6	7	8	15	18	20	22	25	26	28	29	30	32	34	36	37	39	41		
Caregiver7:0	1	2	4	5	6	7	8	11	14	15	18	19	20	22	25	26	28	29	30	31	32	34	35	36	37	39	41						
Caregiver8:0	2	3	9	10	12	13	16	17	21	23	24	27	33	38	40	41						
Caregiver9:0	3	4	5	6	7	9	10	12	13	15	16	17	18	20	21	22	23	24	25	26	27	28	29	30	31	32	33	34	36	37	38	39	40	41	
Caregiver10:0	4	5	6	7	15	18	20	22	25	26	28	29	30	32	34	36	37	39	41			
Caregiver11:0	1	4	5	6	7	8	11	14	15	18	20	22	25	26	28	29	30	32	34	36	37	39	41										
Caregiver12:0	1	2	3	8	9	10	11	12	13	14	16	17	19	21	23	24	27	31	33	35	38	40	41												
												type of shift per day=2
number of days=7
Number of shitfs=14

Service time of node=
0	31	51	55	43	46	21	20	31	40	39	55	25	58	45	29	47	57	41	45	29	39	39	43	52	53	33	30	30	60	50	39	35	40	26	28	29	50	41	57	44	0


Time window for ptient matrix (day,patient) :first line alfa and second beta
0	1015	0	0	0	0	780	871	917	702	0	480	835	0	0	0	0	526	916	0	0	486	967	0	0	0	0	929	0	0	0	0	0	0	0	860	0	1020	0	780	665	0
0	1045	0	0	0	0	1080	939	993	780	0	780	908	0	0	0	0	630	1015	0	0	561	997	0	0	0	0	1047	0	0	0	0	0	0	0	926	0	1050	0	1080	749	0
0	0	488	0	0	939	0	794	524	0	577	0	649	688	692	519	849	0	0	689	0	0	0	0	0	0	0	0	0	0	0	0	513	0	0	0	0	806	0	0	0	0
0	0	593	0	0	1008	0	874	630	0	607	0	679	773	773	549	879	0	0	719	0	0	0	0	0	0	0	0	0	0	0	0	573	0	0	0	0	836	0	0	0	0
0	0	654	709	0	780	784	0	0	941	0	780	0	0	0	0	0	0	678	0	0	0	785	0	830	963	820	0	0	0	862	480	0	0	780	560	0	0	0	0	925	0
0	0	749	739	0	1080	848	0	0	1060	0	1080	0	0	0	0	0	0	708	0	0	0	902	0	896	1065	850	0	0	0	947	780	0	0	1080	590	0	0	0	0	955	0
0	0	0	0	974	0	0	0	0	0	966	0	0	0	0	0	0	0	551	0	514	846	583	503	947	780	480	0	0	926	0	0	503	780	593	780	480	780	0	864	0	0
0	0	0	0	1004	0	0	0	0	0	996	0	0	0	0	0	0	0	581	0	544	945	651	614	977	1080	780	0	0	956	0	0	589	1080	623	1080	780	1080	0	894	0	0
0	958	0	0	815	0	0	0	0	1033	794	842	0	0	916	0	0	835	0	0	0	0	0	0	0	984	0	536	480	0	480	968	543	948	0	0	993	0	650	0	780	0
0	1078	0	0	926	0	0	0	0	1063	889	872	0	0	946	0	0	950	0	0	0	0	0	0	0	1014	0	631	780	0	780	998	660	1056	0	0	1023	0	680	0	1080	0
0	0	494	869	0	0	0	929	969	0	0	0	480	842	0	780	0	0	0	780	480	0	963	0	834	728	0	799	0	480	480	971	0	921	0	0	0	0	0	887	0	0
0	0	589	954	0	0	0	959	999	0	0	0	780	872	0	844	0	0	0	1080	780	0	1046	0	930	758	0	829	0	780	564	1055	0	1040	0	0	0	0	0	917	0	0
0	0	1006	480	0	797	0	0	0	0	0	0	0	670	656	0	780	0	0	0	780	923	0	505	0	0	685	505	780	627	0	941	780	0	956	992	0	480	826	780	0	0
0	0	1080	780	0	827	0	0	0	0	0	0	0	740	726	0	878	0	0	0	1080	953	0	535	0	0	715	608	1080	721	0	1029	1080	0	1067	1022	0	780	903	1080	0	0




CII matrix(caregiver, patient)
0	0	0	6	0	0	0	0	0	10	9	0	7	7	0	0	7	7	0	0	0	9	0	6	8	0	0	10	0	0	0	0	0	9	0	10	0	0	8	0	7	0
0	0	0	6	6	6	5	7	0	4	3	0	6	4	0	3	6	6	4	7	4	3	5	3	7	3	6	7	7	4	5	0	4	6	5	5	7	5	6	7	7	0
0	0	10	6	0	0	0	0	0	9	7	7	7	9	7	0	7	9	0	0	0	6	0	9	10	0	0	10	0	0	0	0	0	10	0	0	0	0	6	0	7	0
0	0	0	4	4	6	7	3	0	3	6	0	5	5	0	7	6	3	7	5	6	6	7	5	5	3	6	6	6	5	5	4	7	7	3	0	7	7	7	3	6	0
0	4	0	6	7	3	5	7	0	3	5	0	6	7	0	3	7	7	5	0	5	7	7	6	4	6	7	4	7	5	7	0	7	6	6	0	4	7	3	4	3	0
0	0	0	0	9	9	6	7	7	0	0	0	0	0	0	10	0	0	9	0	6	0	7	0	0	6	10	0	6	8	6	0	10	0	10	0	6	7	0	10	0	0
0	7	7	0	6	3	7	4	3	0	0	6	0	0	3	6	0	0	6	7	3	0	3	0	0	3	6	0	7	4	4	6	4	0	7	7	4	6	0	7	0	0
0	0	10	7	0	0	0	0	0	7	8	0	10	9	0	0	8	10	0	0	0	9	0	6	7	0	0	8	0	0	0	0	0	6	0	0	0	0	9	0	9	0
0	0	0	5	6	7	7	6	0	7	4	0	4	5	0	5	6	3	6	0	6	4	3	4	4	3	5	5	5	3	5	6	3	5	4	0	3	7	6	7	7	0
0	0	0	0	7	10	8	8	0	0	0	0	0	0	0	8	0	0	6	0	8	0	8	0	0	10	10	0	7	6	6	0	8	0	6	0	8	9	0	6	0	0
0	6	0	0	7	7	8	6	7	0	0	9	0	0	10	9	0	0	6	0	8	0	9	0	0	10	10	0	6	6	10	0	9	0	9	0	10	9	0	10	0	0
0	3	4	4	0	0	0	0	5	5	5	6	7	5	5	0	6	6	0	7	0	5	0	3	4	0	0	6	0	0	0	6	0	5	0	3	0	0	3	0	6	0




travel time=
0	39	46	43	51	47	46	42	42	44	48	59	49	48	39	56	39	34	50	54	50	52	48	43	51	49	49	56	53	50	37	51	48	49	39	46	48	45	45	51	43	0
39	0	10	82	88	10	82	7	3	13	86	29	88	9	5	17	77	73	89	15	11	14	12	12	15	88	14	23	23	89	15	19	85	87	77	84	86	84	82	12	9	39
46	10	0	90	96	1	91	4	10	7	94	19	95	8	7	16	85	80	97	12	8	5	2	6	5	95	4	13	14	97	13	9	93	95	85	92	94	91	91	8	3	46
43	82	90	0	18	90	22	86	85	86	12	100	6	92	83	99	10	10	12	98	93	95	91	86	94	6	92	98	95	11	80	93	16	18	10	7	13	5	19	95	86	43
51	88	96	18	0	97	8	93	90	94	6	109	15	97	89	103	13	20	7	103	99	102	98	94	101	15	99	107	104	9	88	102	3	2	13	11	5	13	6	100	94	51
47	10	1	90	97	0	92	5	10	8	94	19	96	7	8	15	86	81	97	11	7	5	2	7	4	96	5	13	15	97	14	10	94	96	86	93	95	92	91	7	4	47
46	82	91	22	8	92	0	87	85	89	11	105	20	91	84	97	13	19	13	97	93	96	93	89	96	20	94	102	100	15	83	97	7	7	13	15	10	17	3	95	88	46
42	7	4	86	93	5	87	0	8	7	90	22	91	9	3	17	81	76	93	14	10	9	6	5	9	91	8	16	17	93	11	12	89	91	81	88	91	87	87	10	2	42
42	3	10	85	90	10	85	8	0	15	88	29	90	7	8	14	80	75	91	12	9	13	12	13	14	90	15	23	24	91	18	19	87	89	80	87	89	86	84	10	10	42
44	13	7	86	94	8	89	7	15	0	91	17	92	15	8	23	82	77	94	19	15	11	7	2	9	92	6	12	11	94	7	7	91	93	82	89	92	88	89	15	5	44
48	86	94	12	6	94	11	90	88	91	0	106	9	95	87	101	9	15	3	100	96	99	95	91	98	9	96	103	101	4	85	98	4	5	9	5	1	7	8	98	91	48
59	29	19	100	109	19	105	22	29	17	106	0	106	25	24	30	97	92	109	26	25	18	17	17	16	106	15	6	6	108	21	10	106	108	97	103	107	102	104	23	20	59
49	88	95	6	15	96	20	91	90	92	9	106	0	97	88	104	12	15	8	103	98	100	96	92	100	0	97	104	101	6	85	99	13	15	12	6	10	4	17	100	92	49
48	9	8	92	97	7	91	9	7	15	95	25	97	0	11	9	86	82	98	6	2	8	9	13	10	97	12	19	21	98	20	16	94	96	86	93	96	93	91	3	10	48
39	5	7	83	89	8	84	3	8	8	87	24	88	11	0	20	78	73	90	17	12	12	9	7	12	88	10	19	19	90	10	14	86	88	78	85	87	84	84	13	4	39
56	17	16	99	103	15	97	17	14	23	101	30	104	9	20	0	93	89	104	4	8	13	17	21	16	104	19	24	27	105	29	23	100	102	93	100	102	100	97	8	19	56
39	77	85	10	13	86	13	81	80	82	9	97	12	86	78	93	0	7	12	92	88	90	87	82	90	12	88	94	92	12	76	90	10	12	0	7	10	8	10	89	82	39
34	73	80	10	20	81	19	76	75	77	15	92	15	82	73	89	7	0	17	88	84	86	82	77	85	15	83	89	87	17	71	85	16	19	7	12	16	11	17	85	77	34
50	89	97	12	7	97	13	93	91	94	3	109	8	98	90	104	12	17	0	103	100	102	98	94	101	8	99	106	103	2	88	101	7	7	12	6	3	8	11	101	94	50
54	15	12	98	103	11	97	14	12	19	100	26	103	6	17	4	92	88	103	0	4	9	13	18	12	103	15	20	23	104	25	19	100	101	92	99	101	98	97	4	15	54
50	11	8	93	99	7	93	10	9	15	96	25	98	2	12	8	88	84	100	4	0	7	9	14	9	98	12	19	21	100	21	16	96	97	88	95	97	94	93	2	11	50
52	14	5	95	102	5	96	9	13	11	99	18	100	8	12	13	90	86	102	9	7	0	4	10	2	100	6	11	14	102	18	9	98	100	90	97	100	96	96	5	9	52
48	12	2	91	98	2	93	6	12	7	95	17	96	9	9	17	87	82	98	13	9	4	0	6	3	96	2	11	12	98	13	7	95	97	87	93	96	93	92	8	5	48
43	12	6	86	94	7	89	5	13	2	91	17	92	13	7	21	82	77	94	18	14	10	6	0	8	92	5	13	12	94	8	8	91	93	82	89	92	88	88	13	3	43
51	15	5	94	101	4	96	9	14	9	98	16	100	10	12	16	90	85	101	12	9	2	3	8	0	100	3	9	12	101	16	7	98	100	90	97	99	96	95	8	8	51
49	88	95	6	15	96	20	91	90	92	9	106	0	97	88	104	12	15	8	103	98	100	96	92	100	0	97	104	101	6	85	99	13	15	12	6	10	4	17	100	92	49
49	14	4	92	99	5	94	8	15	6	96	15	97	12	10	19	88	83	99	15	12	6	2	5	3	97	0	9	10	99	13	5	96	98	88	94	97	93	93	10	6	49
56	23	13	98	107	13	102	16	23	12	103	6	104	19	19	24	94	89	106	20	19	11	11	13	9	104	9	0	4	106	19	5	103	105	94	101	104	100	101	17	14	56
53	23	14	95	104	15	100	17	24	11	101	6	101	21	19	27	92	87	103	23	21	14	12	12	12	101	10	4	0	103	16	5	101	103	92	98	102	97	99	19	14	53
50	89	97	11	9	97	15	93	91	94	4	108	6	98	90	105	12	17	2	104	100	102	98	94	101	6	99	106	103	0	87	101	8	9	12	5	4	7	12	101	93	50
37	15	13	80	88	14	83	11	18	7	85	21	85	20	10	29	76	71	88	25	21	18	13	8	16	85	13	19	16	87	0	14	85	87	76	82	86	81	83	21	10	37
51	19	9	93	102	10	97	12	19	7	98	10	99	16	14	23	90	85	101	19	16	9	7	8	7	99	5	5	5	101	14	0	98	100	90	96	99	95	96	15	10	51
48	85	93	16	3	94	7	89	87	91	4	106	13	94	86	100	10	16	7	100	96	98	95	91	98	13	96	103	101	8	85	98	0	2	10	9	3	11	4	97	90	48
49	87	95	18	2	96	7	91	89	93	5	108	15	96	88	102	12	19	7	101	97	100	97	93	100	15	98	105	103	9	87	100	2	0	12	10	5	13	5	99	92	49
39	77	85	10	13	86	13	81	80	82	9	97	12	86	78	93	0	7	12	92	88	90	87	82	90	12	88	94	92	12	76	90	10	12	0	7	10	8	10	89	82	39
46	84	92	7	11	93	15	88	87	89	5	103	6	93	85	100	7	12	6	99	95	97	93	89	97	6	94	101	98	5	82	96	9	10	7	0	6	2	12	97	89	46
48	86	94	13	5	95	10	91	89	92	1	107	10	96	87	102	10	16	3	101	97	100	96	92	99	10	97	104	102	4	86	99	3	5	10	6	0	8	8	99	91	48
45	84	91	5	13	92	17	87	86	88	7	102	4	93	84	100	8	11	8	98	94	96	93	88	96	4	93	100	97	7	81	95	11	13	8	2	8	0	14	96	88	45
45	82	91	19	6	91	3	87	84	89	8	104	17	91	84	97	10	17	11	97	93	96	92	88	95	17	93	101	99	12	83	96	4	5	10	12	8	14	0	94	88	45
51	12	8	95	100	7	95	10	10	15	98	23	100	3	13	8	89	85	101	4	2	5	8	13	8	100	10	17	19	101	21	15	97	99	89	97	99	96	94	0	11	51
43	9	3	86	94	4	88	2	10	5	91	20	92	10	4	19	82	77	94	15	11	9	5	3	8	92	6	14	14	93	10	10	90	92	82	89	91	88	88	11	0	43
0	39	46	43	51	47	46	42	42	44	48	59	49	48	39	56	39	34	50	54	50	52	48	43	51	49	49	56	53	50	37	51	48	49	39	46	48	45	45	51	43	0
