Number of nodes= 17
Number of caregiver= 5 
Number of group=2 

Caregiver_cost=
169	189	162	195	140



Caregiver in group=
Group_1:1	3	5
Group_2:2	4	
	
				


skill matrix=
Caregiver1:0	3	4	5	6	7	8	9	10	11	12	13	14	16			
Caregiver2:0	1	2	3	5	7	9	10	12	14	15	16					
Caregiver3:0	1	2	3	4	5	6	7	8	9	10	11	12	13	14	15	16
Caregiver4:0	1	2	3	5	7	9	10	12	14	15	16					
Caregiver5:0	1	2	4	6	8	11	13	15	16							

type of shift per day=2
number of days=7
Number of shitfs=14

Service time of node=
0	40	39	20	45	35	29	49	31	26	23	35	25	32	58	52	0

Time window for ptient matrix (day,patient) :first line alfa and second beta
0	0	583	0	0	0	907	915	683	0	797	0	780	0	681	969	0
0	0	677	0	0	0	937	945	713	0	907	0	1080	0	757	999	0
0	0	480	0	0	0	533	0	0	981	856	0	0	539	0	480	0
0	0	573	0	0	0	563	0	0	1011	966	0	0	645	0	582	0
0	926	0	610	0	827	896	693	0	1022	0	0	942	899	0	934	0
0	1020	0	697	0	931	979	723	0	1052	0	0	1036	971	0	1014	0
0	0	0	609	0	0	0	0	586	604	0	0	0	575	0	0	0
0	0	0	692	0	0	0	0	661	697	0	0	0	670	0	0	0
0	576	877	0	0	799	0	0	0	0	0	808	780	0	958	800	0
0	676	953	0	0	829	0	0	0	0	0	891	1080	0	1058	899	0
0	0	0	0	780	523	0	0	0	658	0	622	554	1007	0	0	0
0	0	0	0	1080	553	0	0	0	688	0	652	584	1037	0	0	0
0	973	0	675	955	996	554	0	480	0	0	0	0	0	0	0	0
0	1003	0	753	985	1060	640	0	780	0	0	0	0	0	0	0	0



CII matrix(caregiver, patient)
0	0	0	6	4	3	3	7	6	6	7	7	7	5	3	0	0
0	3	2	5	0	1	0	1	0	2	4	0	1	0	4	1	0
0	5	7	6	5	3	7	5	7	3	3	5	3	4	7	3	0
0	1	2	5	0	4	0	2	0	2	5	0	2	0	5	2	0
0	7	7	0	6	0	3	0	7	0	0	5	0	6	0	6	0



travel time=
0	27	48	36	47	42	31	37	31	38	31	35	12	32	44	34	0
27	0	75	63	74	69	7	64	4	15	10	10	17	59	71	12	27
48	75	0	15	2	10	79	13	79	86	78	83	59	19	5	81	48
36	63	15	0	15	6	67	15	67	74	67	71	48	4	10	70	36
47	74	2	15	0	10	77	11	77	84	76	81	58	19	6	79	47
42	69	10	6	10	0	73	14	73	80	72	77	54	10	4	76	42
31	7	79	67	77	73	0	67	3	9	4	4	19	63	75	6	31
37	64	13	15	11	14	67	0	68	74	66	71	48	16	12	69	37
31	4	79	67	77	73	3	68	0	11	7	5	20	63	75	9	31
38	15	86	74	84	80	9	74	11	0	8	6	26	71	82	5	38
31	10	78	67	76	72	4	66	7	8	0	6	19	63	74	3	31
35	10	83	71	81	77	4	71	5	6	6	0	23	67	79	5	35
12	17	59	48	58	54	19	48	20	26	19	23	0	45	56	22	12
32	59	19	4	19	10	63	16	63	71	63	67	45	0	14	66	32
44	71	5	10	6	4	75	12	75	82	74	79	56	14	0	78	44
34	12	81	70	79	76	6	69	9	5	3	5	22	66	78	0	34
0	27	48	36	47	42	31	37	31	38	31	35	12	32	44	34	0


	