Number of nodes= 27
Number of caregiver= 9 
Number of group=3 

Caregiver_cost=
123	197	158	142	100	160	163	177	134



Caregiver in group=
Group_1:1	5			
Group_2:3	4	6	7	9
Group_3:2	8			
			


skill matrix=
Caregiver1:0	6	10	11	13	14	17	18	20	26		
Caregiver2:0	1	2	3	4	5	6	7	8	9	11	13	14	16	17	18	19	20	22	23	24	25	26
Caregiver3:0	1	3	4	5	6	7	8	9	11	13	14	17	18	19	20	22	23	24	25	26		
Caregiver4:0	1	2	3	4	5	7	8	9	10	12	15	16	19	21	22	23	24	25	26			
Caregiver5:0	1	3	4	5	7	8	9	15	19	22	23	24	25	26								
Caregiver6:0	1	3	4	5	6	7	8	9	11	13	14	17	18	19	20	22	23	24	25	26		
Caregiver7:0	1	3	4	5	6	7	8	9	11	13	14	17	18	19	20	21	22	23	24	25	26	
Caregiver8:0	2	6	10	11	12	13	14	15	16	17	18	20	21	26								
Caregiver9:0	1	3	4	5	6	7	8	9	11	12	13	14	17	18	19	20	22	23	24	25	26	
		
	

type of shift per day=2
number of days=7
Number of shitfs=14

Service time of node=
0	32	31	38	35	51	46	30	21	23	38	38	45	21	37	45	57	36	54	30	47	28	23	47	53	28	0

Time window for ptient matrix (day,patient) :first line alfa and second beta
0	0	0	0	846	876	0	0	0	0	0	0	645	480	0	0	0	0	0	603	0	809	1028	0	0	0	0
0	0	0	0	950	906	0	0	0	0	0	0	675	780	0	0	0	0	0	633	0	913	1058	0	0	0	0
0	0	0	0	950	992	0	0	0	0	785	686	0	887	0	0	976	668	480	1000	0	0	1011	0	0	0	0
0	0	0	0	1066	1022	0	0	0	0	855	716	0	952	0	0	1072	759	780	1030	0	0	1080	0	0	0	0
0	0	943	0	0	0	818	0	0	480	480	0	985	0	0	561	0	780	673	0	807	561	0	923	616	0	0
0	0	1014	0	0	0	914	0	0	780	780	0	1015	0	0	630	0	1080	733	0	918	627	0	1025	646	0	0
0	0	0	852	780	0	681	0	919	0	611	0	0	780	0	538	621	0	0	852	0	480	0	787	480	971	0
0	0	0	918	1080	0	711	0	983	0	677	0	0	1080	0	568	651	0	0	919	0	780	0	898	780	1038	0
0	512	780	0	0	0	0	0	0	780	0	0	872	0	780	480	0	0	0	0	829	0	999	546	708	0	0
0	542	1080	0	0	0	0	0	0	1080	0	0	964	0	1080	780	0	0	0	0	919	0	1073	617	771	0	0
0	811	820	720	0	850	0	933	0	0	0	480	950	0	584	0	0	605	894	1018	818	915	0	0	0	552	0
0	916	920	750	0	880	0	963	0	0	0	780	980	0	690	0	0	703	989	1048	887	945	0	0	0	661	0
0	0	0	884	0	0	688	480	536	0	0	0	0	0	627	0	0	0	0	0	879	0	0	534	795	861	0
0	0	0	964	0	0	750	780	654	0	0	0	0	0	688	0	0	0	0	0	909	0	0	564	825	940	0





CII matrix(caregiver, patient)
0	0	0	0	0	0	8	0	0	0	10	7	0	6	10	0	0	8	8	0	6	0	0	0	0	0	0
0	3	3	5	1	5	3	1	3	4	0	4	0	1	3	0	3	1	5	1	4	0	5	4	4	2	0
0	6	0	7	3	3	5	3	7	4	0	4	0	4	3	0	0	6	3	3	6	0	3	5	3	7	0
0	5	4	7	3	5	0	5	4	7	5	0	7	0	0	3	6	0	0	6	0	3	3	4	7	4	0
0	8	0	6	7	9	0	6	8	10	0	0	0	0	0	7	0	0	0	10	0	0	9	7	6	8	0
0	5	0	7	5	3	5	6	7	3	0	7	0	6	3	0	0	3	3	4	3	0	4	5	7	3	0
0	4	0	3	4	5	6	3	4	5	0	4	0	4	5	0	0	3	6	5	4	5	4	7	5	6	0
0	0	2	0	0	0	2	0	0	0	3	2	2	3	3	4	3	1	4	0	3	5	0	0	0	0	0
0	5	0	5	7	6	4	3	7	6	0	4	7	7	4	0	0	6	5	5	4	0	5	7	7	5	0




travel time=
0	60	67	7	20	5	58	3	17	29	56	51	15	42	39	23	12	19	13	1	42	21	10	17	26	40	0
60	0	127	65	79	65	118	62	76	88	65	49	67	23	56	58	71	69	70	60	41	65	69	73	85	23	60
67	127	0	62	48	62	19	66	51	39	108	111	61	106	95	74	56	60	61	68	98	65	58	55	42	105	67
7	65	62	0	14	2	54	8	11	23	62	58	9	45	45	21	6	14	16	8	43	16	4	11	20	44	7
20	79	48	14	0	15	42	20	3	10	72	70	13	58	56	29	8	15	21	21	53	21	10	9	6	57	20
5	65	62	2	15	0	54	6	12	24	60	56	11	45	43	23	7	16	13	6	44	19	6	13	21	44	5
58	118	19	54	42	54	0	56	44	32	92	97	56	100	80	70	48	57	49	59	95	62	51	51	37	98	58
3	62	66	8	20	6	56	0	16	27	54	51	17	45	37	27	12	21	10	3	45	23	11	19	25	43	3
17	76	51	11	3	12	44	16	0	13	69	67	12	56	52	27	5	15	18	18	51	20	7	8	9	54	17
29	88	39	23	10	24	32	27	13	0	76	76	24	68	60	39	17	25	25	29	63	31	20	19	6	67	29
56	65	108	62	72	60	92	54	69	76	0	17	71	66	18	76	66	75	51	55	81	76	65	73	76	64	56
51	49	111	58	70	56	97	51	67	76	17	0	65	52	16	67	63	70	51	50	68	69	61	69	75	49	51
15	67	61	9	13	11	56	17	12	24	71	65	0	46	53	15	9	5	24	16	39	8	8	5	19	45	15
42	23	106	45	58	45	100	45	56	68	66	52	46	0	52	35	51	47	53	41	20	42	49	51	64	2	42
39	56	95	45	56	43	80	37	52	60	18	16	53	52	0	58	49	58	36	38	65	58	48	56	60	49	39
23	58	74	21	29	23	70	27	27	39	76	67	15	35	58	0	24	14	36	24	25	8	22	20	34	35	23
12	71	56	6	8	7	48	12	5	17	66	63	9	51	49	24	0	13	16	13	47	18	2	8	14	50	12
19	69	60	14	15	16	57	21	15	25	75	70	5	47	58	14	13	0	29	20	38	6	12	7	20	46	19
13	70	61	16	21	13	49	10	18	25	51	51	24	53	36	36	16	29	0	13	55	32	16	24	25	52	13
1	60	68	8	21	6	59	3	18	29	55	50	16	41	38	24	13	20	13	0	42	22	11	19	27	40	1
42	41	98	43	53	44	95	45	51	63	81	68	39	20	65	25	47	38	55	42	0	33	45	44	58	21	42
21	65	65	16	21	19	62	23	20	31	76	69	8	42	58	8	18	6	32	22	33	0	16	12	25	42	21
10	69	58	4	10	6	51	11	7	20	65	61	8	49	48	22	2	12	16	11	45	16	0	8	16	48	10
17	73	55	11	9	13	51	19	8	19	73	69	5	51	56	20	8	7	24	19	44	12	8	0	14	50	17
26	85	42	20	6	21	37	25	9	6	76	75	19	64	60	34	14	20	25	27	58	25	16	14	0	63	26
40	23	105	44	57	44	98	43	54	67	64	49	45	2	49	35	50	46	52	40	21	42	48	50	63	0	40
0	60	67	7	20	5	58	3	17	29	56	51	15	42	39	23	12	19	13	1	42	21	10	17	26	40	0


