Number of nodes= 82
Number of caregiver= 15 
Number of group=3 

Caregiver_cost=
146	127	115	209	119	141	144	207	133	177	103	211	111	102	146


Caregiver in group=
Group_1:2	3	5	11	13	14
Group_2:1	6	7	9	15	
Group_3:4	8	10	12		
			
							
skill matrix=
Caregiver1:0	1	5	6	7	8	12	13	14	15	16	19	20	21	23	27	28	30	31	32	33	34	35	36	37	38	40	41	43	45	48	53	55	56	57	58	59	60	62	64	65	66	68	69	75	76	77	78	81
Caregiver2:0	1	5	6	7	12	13	14	15	19	20	21	27	28	30	31	32	34	35	36	37	38	45	55	56	58	64	65	81
Caregiver3:0	2	3	4	9	10	11	17	18	22	24	25	26	29	39	42	44	46	47	49	50	51	52	54	61	63	67	70	71	72	73	74	79	81
Caregiver4:0	1	5	6	7	8	12	13	14	15	16	19	20	21	23	27	28	30	31	32	33	34	35	36	37	38	40	41	43	45	48	53	55	56	57	58	59	60	62	64	65	66	68	69	75	76	77	78	81	
Caregiver5:0	2	3	4	9	10	11	17	18	22	24	25	26	29	39	42	44	46	47	49	50	51	52	54	61	63	67	70	71	72	73	74	79	81
Caregiver6:0	2	3	4	8	9	10	11	16	17	18	22	23	24	25	26	29	33	39	40	41	42	43	44	46	47	48	49	50	51	52	53	54	57	59	60	61	62	63	66	67	68	69	70	71	72	73	74	75	76	77	78	79	81
Caregiver7:0	2	3	4	8	9	10	11	16	17	18	22	23	24	25	26	29	33	39	40	41	42	43	44	46	47	48	49	50	51	52	53	54	57	59	60	61	62	63	66	67	68	69	70	71	72	73	74	75	76	77	78	79	80	81
Caregiver8:0	1	2	3	4	5	6	7	9	10	11	12	13	14	15	17	18	19	20	21	22	24	25	26	27	28	29	30	31	32	34	35	36	37	38	39	42	44	45	46	47	49	50	51	52	54	55	56	58	61	63	64	65	67	70	71	72	73	74	79	80	81
Caregiver9:0	1	2	3	4	5	6	7	9	10	11	12	13	14	15	17	18	19	20	21	22	24	25	26	27	28	29	30	31	32	34	35	36	37	38	39	42	44	45	46	47	49	50	51	52	54	55	56	58	61	63	64	65	67	70	71	72	73	74	79	80	81
Caregiver10:0	1	2	3	4	5	6	7	9	10	11	12	13	14	15	17	18	19	20	21	22	24	25	26	27	28	29	30	31	32	34	35	36	37	38	39	42	44	45	46	47	49	50	51	52	54	55	56	58	61	63	64	65	67	70	71	72	73	74	79	81	
Caregiver11:0	8	16	23	33	40	41	43	48	53	57	59	60	62	66	68	69	75	76	77	78	81
Caregiver12:0	1	2	3	4	5	6	7	9	10	11	12	13	14	15	17	18	19	20	21	22	24	25	26	27	28	29	30	31	32	34	35	36	37	38	39	42	44	45	46	47	49	50	51	52	54	55	56	58	61	63	64	65	67	70	71	72	73	74	79	81	
Caregiver13:0	8	16	23	33	40	41	43	48	53	57	59	60	62	66	68	69	75	76	77	78	81
Caregiver14:0	8	16	23	33	40	41	43	48	53	57	59	60	62	66	68	69	75	76	77	78	81
Caregiver15:0	1	5	6	7	8	12	13	14	15	16	19	20	21	23	27	28	30	31	32	33	34	35	36	37	38	40	41	43	45	48	53	55	56	57	58	59	60	62	64	65	66	68	69	75	76	77	78	81													
																										
type of shift per day=2
number of days=7
Number of shitfs=14

Service time of node=
0	30	28	36	37	51	51	36	31	37	57	59	42	34	29	20	27	48	30	26	31	49	25	44	37	44	50	60	45	50	22	29	58	48	42	28	56	41	52	27	39	23	38	52	45	28	43	46	55	31	37	49	48	31	54	20	33	54	20	53	50	54	46	56	42	59	23	56	51	33	23	53	54	53	59	31	60	59	51	27	57	0

Time window for ptient matrix (day,patient) :first line alfa and second beta
0	1030	780	0	0	997	480	894	0	780	0	0	0	985	0	480	0	0	666	0	622	0	0	0	653	921	0	480	686	0	650	0	969	0	841	924	0	557	0	690	0	0	594	654	0	0	0	0	0	715	489	847	0	0	0	0	780	0	0	0	788	0	875	0	0	780	0	895	1018	891	780	0	0	904	0	0	579	888	0	0	0	0
0	1060	1080	0	0	1027	780	1013	0	1080	0	0	0	1049	0	780	0	0	760	0	696	0	0	0	729	951	0	780	779	0	711	0	999	0	871	954	0	647	0	720	0	0	702	684	0	0	0	0	0	745	577	877	0	0	0	0	1080	0	0	0	877	0	982	0	0	870	0	962	1048	921	1080	0	0	979	0	0	609	918	0	0	0	0
0	880	884	0	823	0	0	0	607	480	942	480	0	0	0	0	480	0	0	601	660	912	0	0	0	0	814	0	0	1020	0	0	0	894	780	595	0	0	801	527	0	0	0	0	480	0	0	527	0	0	0	691	0	480	0	886	0	0	568	0	0	870	0	971	0	0	0	0	0	0	857	0	0	0	0	0	860	0	0	604	480	0
0	910	949	0	853	0	0	0	637	780	972	589	0	0	0	0	586	0	0	718	772	942	0	0	0	0	919	0	0	1050	0	0	0	987	1080	699	0	0	917	611	0	0	0	0	780	0	0	640	0	0	0	780	0	780	0	916	0	0	631	0	0	900	0	1001	0	0	0	0	0	0	972	0	0	0	0	0	890	0	0	672	780	0
0	0	0	0	876	0	0	644	0	0	908	652	856	0	1027	0	661	0	0	0	0	805	0	959	480	690	0	0	0	555	0	780	991	0	0	0	0	0	780	0	799	0	0	676	0	0	0	614	0	0	715	0	870	846	0	0	0	0	0	907	0	720	0	832	792	0	903	0	0	0	0	657	0	0	517	0	0	0	0	922	0	0
0	0	0	0	906	0	0	748	0	0	991	712	886	0	1057	0	722	0	0	0	0	886	0	1060	780	774	0	0	0	618	0	1080	1021	0	0	0	0	0	893	0	877	0	0	706	0	0	0	680	0	0	745	0	973	959	0	0	0	0	0	1011	0	750	0	862	891	0	964	0	0	0	0	687	0	0	629	0	0	0	0	1017	0	0
0	0	990	0	0	551	0	886	0	0	0	0	0	780	835	792	0	591	0	0	805	780	979	0	0	0	0	858	864	665	869	869	549	974	0	0	0	671	780	0	780	801	493	0	0	731	599	0	0	0	900	0	676	821	480	1013	0	522	959	0	0	0	0	0	0	780	0	480	0	0	710	0	838	930	938	0	0	1017	523	992	0	0
0	0	1020	0	0	647	0	953	0	0	0	0	0	1080	895	896	0	689	0	0	885	1080	1080	0	0	0	0	921	894	743	899	950	579	1004	0	0	0	701	1080	0	1080	908	604	0	0	761	629	0	0	0	982	0	749	905	577	1043	0	595	1067	0	0	0	0	0	0	1080	0	780	0	0	779	0	941	1008	1049	0	0	1047	553	1080	0	0
0	0	0	600	514	834	0	0	690	0	0	0	626	0	780	0	0	0	0	869	0	0	1011	507	650	919	503	837	0	0	780	480	871	879	0	0	0	537	0	0	0	584	915	970	710	950	780	928	669	0	0	0	0	690	830	0	929	0	0	578	780	0	0	490	0	0	691	829	0	780	0	632	495	0	0	559	697	0	539	0	987	0
0	0	0	661	605	936	0	0	764	0	0	0	745	0	1080	0	0	0	0	899	0	0	1080	622	744	1002	611	933	0	0	891	780	901	944	0	0	0	598	0	0	0	697	945	1000	774	1027	891	958	758	0	0	0	0	780	924	0	1030	0	0	608	1080	0	0	589	0	0	721	859	0	1080	0	708	574	0	0	676	780	0	569	0	1080	0
0	0	0	711	0	633	833	821	780	0	0	878	989	831	0	0	0	0	0	0	0	0	0	780	780	507	0	0	480	637	0	570	0	480	999	0	780	0	826	607	847	0	480	540	0	0	780	0	712	780	488	0	649	0	539	0	0	594	0	0	0	839	480	650	780	824	0	649	0	551	829	0	831	480	780	0	0	817	0	989	589	0
0	0	0	741	0	663	937	851	1080	0	0	967	1076	917	0	0	0	0	0	0	0	0	0	1080	1080	616	0	0	780	725	0	632	0	780	1029	0	1080	0	856	723	877	0	780	641	0	0	1080	0	780	1080	586	0	715	0	622	0	0	624	0	0	0	921	780	744	1080	884	0	679	0	621	930	0	861	780	1080	0	0	847	0	1019	699	0
0	548	991	993	0	0	0	0	0	0	480	603	867	0	780	963	0	480	986	690	0	907	0	0	0	0	0	0	0	0	0	0	0	0	480	780	951	480	0	722	780	0	0	0	0	0	565	0	942	0	0	480	567	0	0	886	0	0	480	810	610	0	0	0	981	0	0	0	601	0	0	0	0	1001	780	480	0	0	0	0	735	0
0	613	1080	1062	0	0	0	0	0	0	780	667	979	0	1080	1080	0	595	1080	765	0	937	0	0	0	0	0	0	0	0	0	0	0	0	780	1080	1013	780	0	752	863	0	0	0	0	0	670	0	972	0	0	780	597	0	0	916	0	0	780	908	690	0	0	0	1011	0	0	0	665	0	0	0	0	1031	894	780	0	0	0	0	765	0


CII matrix(caregiver, patient)
0	3	0	0	0	6	4	3	6	0	0	0	4	4	5	7	7	0	0	7	5	6	0	5	0	0	0	3	4	0	4	5	4	6	6	7	7	5	7	0	4	7	0	4	0	5	0	0	3	0	0	0	0	3	0	5	4	3	6	3	3	0	3	0	5	6	4	0	4	7	0	0	0	0	0	3	7	3	6	0	0	0
0	8	0	0	0	9	9	8	0	0	0	0	8	10	7	7	0	0	0	7	10	7	0	0	0	0	0	7	6	0	9	8	7	0	7	7	10	10	7	0	0	0	0	0	0	6	0	0	0	0	0	0	0	0	0	6	8	0	10	0	0	0	0	0	10	10	0	0	0	0	0	0	0	0	0	0	0	0	0	0	0	0
0	0	6	9	10	0	0	0	0	8	8	6	0	0	0	0	0	9	7	0	0	0	9	0	7	6	7	0	0	9	0	0	0	0	0	0	0	0	0	9	0	0	6	0	8	0	10	7	0	10	7	7	8	0	10	0	0	0	0	0	0	9	0	7	0	0	0	10	0	0	7	8	9	10	9	0	0	0	0	6	9	0
0	5	0	0	0	5	1	4	3	0	0	0	3	3	1	2	2	0	0	1	5	1	0	3	0	0	0	1	1	0	2	1	1	1	1	3	5	5	5	0	1	1	0	3	0	3	0	0	2	0	0	0	0	3	0	2	3	5	3	1	3	0	4	0	1	2	3	0	3	4	0	0	0	0	0	4	2	5	1	0	0	0
0	0	9	7	10	0	0	0	0	9	8	9	0	0	0	0	0	8	9	0	0	0	6	0	10	6	6	0	0	7	0	0	0	0	0	0	0	0	0	10	0	0	8	0	10	0	6	8	0	6	6	7	9	0	7	0	0	0	0	0	0	8	0	6	0	0	0	10	0	0	9	8	6	7	10	0	0	0	0	10	9	0
0	0	4	4	7	0	0	0	3	6	5	5	0	0	0	0	5	7	7	0	0	0	5	6	4	6	5	0	0	6	0	0	0	6	0	0	0	0	0	6	6	7	4	4	3	0	7	6	6	4	4	6	4	6	5	0	0	6	0	7	4	6	4	3	0	0	3	5	5	3	6	5	5	7	3	5	3	6	7	4	6	0
0	0	4	4	5	0	0	0	3	4	3	5	0	0	0	0	4	3	6	0	0	0	4	3	7	7	7	0	0	7	0	0	0	7	0	0	0	0	0	4	4	6	4	4	5	0	4	7	4	4	5	5	4	7	3	0	0	6	0	3	4	4	4	3	0	0	4	5	4	3	3	6	4	4	4	5	7	5	5	5	5	0
0	1	3	1	2	4	3	5	0	5	4	1	3	3	3	5	0	1	1	3	4	2	3	0	2	5	3	3	5	2	1	5	5	0	5	2	2	2	2	1	0	0	3	0	2	2	5	2	0	2	2	2	1	0	1	5	4	0	1	0	0	4	0	2	4	3	0	3	0	0	4	1	5	5	1	0	0	0	0	4	5	0
0	6	4	3	3	4	7	5	0	6	3	5	3	4	4	6	0	5	7	4	3	3	4	0	7	4	7	5	5	4	6	4	3	0	5	6	4	6	3	4	0	0	7	0	7	5	6	6	0	4	6	3	4	0	4	4	6	0	3	0	0	6	0	4	5	7	0	7	0	0	7	7	3	6	6	0	0	0	0	3	4	0
0	2	1	4	3	1	5	1	0	1	3	2	3	2	1	4	0	2	2	5	4	3	2	0	2	1	1	5	5	4	3	3	4	0	1	2	2	3	1	5	0	0	1	0	2	5	1	4	0	5	4	1	4	0	2	3	2	0	4	0	0	1	0	2	5	1	0	5	0	0	3	5	4	5	4	0	0	0	0	4	4	0
0	0	0	0	0	0	0	0	9	0	0	0	0	0	0	0	6	0	0	0	0	0	0	6	0	0	0	0	0	0	0	0	0	6	0	0	0	0	0	0	10	6	0	10	0	0	0	0	7	0	0	0	0	7	0	0	0	7	0	6	9	0	9	0	0	0	7	0	8	9	0	0	0	0	0	7	6	9	10	0	0	0
0	3	4	2	5	3	5	1	0	4	5	1	3	5	2	1	0	5	1	1	1	2	4	0	4	4	3	5	1	5	2	4	2	0	2	4	4	5	5	4	0	0	5	0	2	1	3	5	0	5	2	4	3	0	4	3	5	0	3	0	0	5	0	4	5	3	0	5	0	0	4	2	2	3	4	0	0	0	0	3	3	0
0	0	0	0	0	0	0	0	7	0	0	0	0	0	0	0	7	0	0	0	0	0	0	10	0	0	0	0	0	0	0	0	0	9	0	0	0	0	0	0	7	7	0	8	0	0	0	0	6	0	0	0	0	8	0	0	0	7	0	10	7	0	10	0	0	0	10	0	6	6	0	0	0	0	0	10	9	10	9	0	0	0
0	0	0	0	0	0	0	0	7	0	0	0	0	0	0	0	6	0	0	0	0	0	0	6	0	0	0	0	0	0	0	0	0	7	0	0	0	0	0	0	9	8	0	10	0	0	0	0	9	0	0	0	0	8	0	0	0	10	0	10	9	0	7	0	0	0	6	0	9	9	0	0	0	0	0	10	9	7	7	0	0	0
0	7	0	0	0	5	4	7	3	0	0	0	7	4	6	7	5	0	0	5	7	3	0	3	0	0	0	3	3	0	4	7	3	3	4	3	7	4	5	0	5	6	0	4	0	4	0	0	3	0	0	0	0	4	0	7	6	4	7	7	5	0	7	0	7	4	6	0	5	3	0	0	0	0	0	4	4	7	4	0	0	0


travel time=
0	52	42	51	53	5	46	54	7	27	51	50	38	12	32	50	56	20	32	42	34	10	41	21	47	40	32	42	69	38	32	46	32	37	47	47	53	38	31	45	64	64	41	47	10	28	66	55	49	10	49	64	26	64	63	45	8	48	45	54	41	55	56	39	50	44	37	71	31	47	53	40	61	31	42	11	39	21	51	52	47	0
52	0	79	95	90	55	89	70	55	74	99	36	86	63	68	99	12	64	62	49	75	61	52	71	69	27	39	22	106	90	48	93	81	88	97	73	64	58	37	84	30	106	92	78	42	78	104	6	100	57	13	102	73	112	29	14	44	46	50	35	91	11	105	87	60	90	84	110	69	96	57	89	64	27	68	54	88	72	90	92	85	52
42	79	0	17	12	37	12	29	47	20	29	90	24	40	69	33	88	22	17	84	9	38	34	47	22	78	42	79	97	42	74	23	55	47	37	85	94	79	43	77	100	27	36	83	48	52	94	84	42	49	70	93	56	38	100	67	45	46	39	93	32	87	68	59	34	67	61	97	11	64	95	58	45	53	17	32	58	38	11	13	79	42
51	95	17	0	14	46	6	45	55	25	15	101	19	46	73	20	103	32	34	92	20	45	51	49	39	90	59	92	95	37	83	11	53	43	27	89	101	86	59	78	114	13	28	85	59	52	91	99	31	56	86	91	58	21	113	84	56	63	57	105	25	101	61	57	52	65	60	93	25	59	102	55	62	68	34	43	55	40	10	7	79	51
53	90	12	14	0	48	12	33	58	30	29	102	29	51	79	34	100	34	28	95	20	49	42	57	27	90	52	91	105	48	86	24	63	54	40	96	105	91	54	86	112	18	40	93	60	60	102	95	45	60	80	101	65	34	111	78	57	54	47	105	37	98	73	67	40	75	70	104	23	70	106	65	49	64	24	43	65	47	4	7	88	53
5	55	37	46	48	0	41	50	11	22	46	56	32	10	35	45	61	14	28	47	28	7	39	20	44	45	32	47	71	35	38	40	31	34	42	51	58	43	31	47	69	58	37	50	15	28	67	59	45	13	51	66	27	59	68	48	12	47	43	59	36	59	54	38	47	44	37	72	26	46	58	39	59	33	37	7	38	18	46	46	49	5
46	89	12	6	12	41	0	41	50	20	18	96	17	42	69	22	97	27	28	88	14	41	46	46	34	85	53	86	93	36	78	12	51	42	28	86	97	82	53	75	108	18	28	82	54	49	90	94	33	51	80	89	55	26	107	78	51	58	51	100	24	96	61	55	46	63	58	92	20	58	98	53	57	62	29	38	53	36	8	7	76	46
54	70	29	45	33	50	41	0	61	45	58	92	52	59	85	62	81	41	23	92	34	56	18	68	8	79	33	78	120	69	83	52	77	73	66	101	105	91	35	97	97	50	65	100	55	74	116	76	71	64	57	115	76	66	96	56	53	26	20	94	61	80	95	83	10	91	84	120	31	89	103	83	17	46	15	43	82	60	36	39	99	54
7	55	47	55	58	11	50	61	0	30	52	48	39	10	25	51	58	25	38	38	39	10	48	16	54	39	39	42	62	37	28	48	27	34	46	40	47	32	38	38	63	68	41	39	14	23	59	57	48	3	53	57	20	66	62	50	13	55	52	52	41	56	51	33	57	38	31	64	36	42	48	35	69	37	48	18	34	20	56	56	40	7
27	74	20	25	30	22	20	45	30	0	25	77	12	22	50	25	81	10	23	68	12	20	42	27	37	67	43	69	77	25	58	19	34	29	25	66	77	62	43	57	90	37	22	63	36	31	74	78	29	31	68	73	36	38	89	65	33	53	47	81	19	80	50	40	46	47	41	77	14	45	78	39	58	49	30	20	38	18	27	26	58	27
51	99	29	15	29	46	18	58	52	25	0	100	13	42	66	6	106	35	43	89	27	42	61	43	51	91	66	93	83	25	80	7	44	32	13	82	95	81	66	68	115	22	17	77	60	43	80	103	17	52	92	80	50	13	114	89	57	73	67	104	14	104	47	46	63	54	50	81	33	47	98	44	74	74	45	45	44	34	25	22	69	51
50	36	90	101	102	56	96	92	48	77	100	0	87	58	46	99	28	69	76	19	83	58	74	61	88	13	60	15	79	83	24	96	68	79	94	45	30	31	58	60	20	114	89	51	42	65	77	33	95	48	47	75	58	114	19	45	45	73	75	4	89	28	90	72	84	72	68	84	79	80	22	75	92	47	85	59	73	67	100	101	61	50
38	86	24	19	29	32	17	52	39	12	13	87	0	29	55	13	93	22	33	76	19	29	52	31	45	77	55	80	76	19	67	9	35	25	14	71	83	69	55	59	101	30	12	67	47	33	73	90	19	40	80	73	39	27	100	77	44	64	58	91	9	91	45	38	56	46	41	75	23	41	86	37	67	61	38	32	36	22	25	23	60	38
12	63	40	46	51	10	42	59	10	22	42	58	29	0	28	40	67	19	35	47	32	3	49	10	51	49	43	52	61	27	37	38	21	25	36	45	55	40	42	39	74	59	31	43	22	17	58	66	38	10	61	57	18	56	73	57	20	57	53	62	31	66	44	28	57	34	27	62	31	36	57	28	69	43	45	17	27	9	48	48	40	12
32	68	69	73	79	35	69	85	25	50	66	46	55	28	0	62	67	47	62	29	60	31	73	23	79	44	63	49	40	43	23	63	24	37	56	17	30	18	61	16	66	85	51	15	35	23	37	68	55	22	71	35	16	78	65	67	35	79	76	51	52	66	43	26	82	26	22	43	59	34	35	29	93	57	72	42	28	33	76	76	18	32
50	99	33	20	34	45	22	62	51	25	6	99	13	40	62	0	106	36	45	86	30	41	64	40	55	89	68	92	77	20	77	10	40	27	8	78	92	78	68	64	114	28	12	73	60	39	74	103	11	50	93	74	46	16	113	90	57	76	70	103	10	104	42	41	67	48	45	75	35	41	95	39	78	74	49	46	39	32	30	27	64	50
56	12	88	103	100	61	97	81	58	81	106	28	93	67	67	106	0	71	72	44	83	66	63	74	80	23	49	18	104	94	45	100	83	92	103	69	58	54	47	82	17	115	98	75	46	80	101	7	105	60	26	99	74	119	17	26	49	58	61	26	97	2	107	88	72	91	85	108	78	97	49	91	76	36	78	61	90	77	99	101	83	56
20	64	22	32	34	14	27	41	25	10	35	69	22	19	47	36	71	0	17	62	14	16	34	27	33	58	33	60	79	32	52	29	37	34	35	63	72	57	33	57	81	45	31	62	27	33	76	68	38	26	58	75	36	48	80	55	24	44	39	73	28	70	56	43	40	50	44	80	12	49	72	42	52	39	26	11	42	19	32	32	59	20
32	62	17	34	28	28	28	23	38	23	43	76	33	35	62	45	72	17	0	72	15	32	19	44	16	63	25	64	96	48	63	36	54	51	47	78	84	70	26	74	85	44	44	77	35	51	93	67	51	41	53	92	53	54	84	50	32	31	25	79	41	70	73	60	23	67	61	97	10	66	83	60	36	36	10	21	59	37	28	30	75	32
42	49	84	92	95	47	88	92	38	68	89	19	76	47	29	86	44	62	72	0	76	48	75	47	87	22	62	27	61	69	10	85	52	64	81	26	15	12	60	42	38	105	76	32	37	50	59	48	81	37	57	57	43	102	37	54	40	77	77	23	76	44	72	55	85	55	51	65	73	63	11	58	95	51	82	52	57	55	93	94	43	42
34	75	9	20	20	28	14	34	39	12	27	83	19	32	60	30	83	14	15	76	0	30	34	39	26	71	39	73	89	36	66	21	46	40	33	76	86	71	40	69	94	32	31	74	41	43	86	79	37	40	66	85	47	39	93	64	38	46	40	86	27	81	61	51	37	59	53	89	6	56	86	50	49	48	20	24	50	29	18	19	70	34
10	61	38	45	49	7	41	56	10	20	42	58	29	3	31	41	66	16	32	48	30	0	46	13	49	48	40	51	64	29	38	38	24	27	37	47	56	41	39	42	73	58	32	45	20	20	61	64	39	11	58	60	21	56	72	55	17	54	50	62	31	65	47	31	54	37	30	65	28	39	58	31	66	40	42	14	30	11	47	47	43	10
41	52	34	51	42	39	46	18	48	42	61	74	52	49	73	64	63	34	19	75	34	46	0	59	17	61	15	60	110	66	67	55	69	68	66	87	89	76	17	86	79	60	63	87	39	66	106	58	70	51	40	105	66	72	78	39	38	12	6	76	60	62	90	76	10	83	76	111	29	83	86	76	20	28	18	32	75	53	44	47	88	41
21	71	47	49	57	20	46	68	16	27	43	61	31	10	23	40	74	27	44	47	39	13	59	0	61	54	53	57	52	22	38	40	11	18	34	39	52	38	51	30	78	62	29	36	30	7	48	73	34	14	69	47	9	55	77	66	28	67	63	65	30	73	35	18	66	24	17	53	39	26	56	19	79	52	54	27	18	10	54	53	31	21
47	69	22	39	27	44	34	8	54	37	51	88	45	51	79	55	80	33	16	87	26	49	17	61	0	75	31	75	112	62	78	45	70	66	59	94	99	85	32	90	94	45	57	93	49	66	109	74	63	57	57	108	69	60	94	56	47	27	21	91	53	78	87	76	13	83	77	113	23	82	98	75	23	44	7	37	74	52	29	33	92	47
40	27	78	90	90	45	85	79	39	67	91	13	77	49	44	89	23	58	63	22	71	48	61	54	75	0	46	5	81	75	22	85	62	72	85	47	37	32	44	59	24	103	80	52	31	59	79	25	87	40	36	77	53	104	23	33	34	60	61	16	80	22	85	67	71	69	63	85	67	76	30	69	79	34	72	47	68	59	89	90	61	40
32	39	42	59	52	32	53	33	39	43	66	60	55	43	63	68	49	33	25	62	39	40	15	53	31	46	0	45	101	65	54	59	64	66	68	76	76	63	2	77	64	69	64	77	28	60	98	44	71	42	28	97	59	78	63	26	27	16	15	62	61	48	86	70	24	76	69	103	34	78	72	71	33	13	29	26	70	49	53	55	79	32
42	22	79	92	91	47	86	78	42	69	93	15	80	52	49	92	18	60	64	27	73	51	60	57	75	5	45	0	86	79	27	88	66	76	88	52	42	37	43	64	22	104	83	57	33	63	84	21	90	43	32	81	57	106	21	30	36	58	60	17	82	17	90	71	70	73	68	90	68	80	34	73	77	32	72	49	72	62	90	91	65	42
69	106	97	95	105	71	93	120	62	77	83	79	76	61	40	77	104	79	96	61	89	64	110	52	112	81	101	86	0	58	59	83	43	52	70	35	51	49	100	24	99	105	67	29	74	46	3	106	67	59	110	5	44	91	98	107	74	117	114	83	70	103	38	38	118	30	36	6	90	36	60	40	130	97	105	78	40	60	101	100	22	69
38	90	42	37	48	35	36	69	37	25	25	83	19	27	43	20	94	32	48	69	36	29	66	22	62	75	65	79	58	0	60	25	20	7	13	58	73	59	64	43	100	47	9	53	48	19	55	93	12	35	86	55	27	36	99	83	46	77	71	87	12	93	26	21	71	28	25	57	39	22	77	19	83	68	55	39	19	18	44	42	44	38
32	48	74	83	86	38	78	83	28	58	80	24	67	37	23	77	45	52	63	10	66	38	67	38	78	22	54	27	59	60	0	75	44	56	72	26	22	11	52	38	43	95	67	30	28	42	57	47	72	27	53	55	35	93	42	50	31	70	69	28	67	44	66	48	77	48	44	63	63	56	20	51	87	44	73	43	50	46	84	84	39	32
46	93	23	11	24	40	12	52	48	19	7	96	9	38	63	10	100	29	36	85	21	38	55	40	45	85	59	88	83	25	75	0	43	32	16	79	92	78	60	67	109	22	17	75	55	41	80	97	20	48	86	80	48	19	108	83	52	67	60	100	13	99	49	46	57	53	49	82	26	48	95	44	68	67	39	40	44	31	20	18	68	46
32	81	55	53	63	31	51	77	27	34	44	68	35	21	24	40	83	37	54	52	46	24	69	11	70	62	64	66	43	20	44	43	0	13	33	38	54	41	63	24	86	65	28	33	41	4	39	83	31	24	80	39	9	55	85	77	39	78	74	72	30	82	24	6	77	13	7	43	47	15	59	8	89	63	63	38	7	18	59	58	25	32
37	88	47	43	54	34	42	73	34	29	32	79	25	25	37	27	92	34	51	64	40	27	68	18	66	72	66	76	52	7	56	32	13	0	20	51	67	54	65	37	96	53	15	46	47	14	48	91	18	32	86	48	22	42	95	82	45	79	74	83	19	91	22	14	74	22	18	51	42	17	72	12	87	68	59	39	12	17	50	48	37	37
47	97	37	27	40	42	28	66	46	25	13	94	14	36	56	8	103	35	47	81	33	37	66	34	59	85	68	88	70	13	72	16	33	20	0	71	86	72	68	56	110	35	5	66	57	32	67	101	5	46	92	67	40	22	109	89	54	78	72	98	7	101	34	34	70	41	38	68	37	34	90	31	81	73	52	44	31	27	36	33	57	47
47	73	85	89	96	51	86	101	40	66	82	45	71	45	17	78	69	63	78	26	76	47	87	39	94	47	76	52	35	58	26	79	38	51	71	0	19	15	74	19	64	101	66	7	48	39	33	72	70	37	79	31	31	93	63	76	49	92	90	49	68	69	53	39	96	35	34	40	75	44	27	42	107	68	88	58	41	49	93	92	19	47
53	64	94	101	105	58	97	105	47	77	95	30	83	55	30	92	58	72	84	15	86	56	89	52	99	37	76	42	51	73	22	92	54	67	86	19	0	15	74	37	49	113	81	26	50	53	50	62	85	46	72	48	46	108	48	70	52	92	91	34	82	57	71	56	99	53	51	57	83	62	9	59	109	66	94	64	58	61	103	103	38	53
38	58	79	86	91	43	82	91	32	62	81	31	69	40	18	78	54	57	70	12	71	41	76	38	85	32	63	37	49	59	11	78	41	54	72	15	15	0	61	29	50	99	67	20	37	40	47	57	72	31	64	45	32	94	49	61	38	79	78	35	68	54	61	44	86	43	40	54	69	51	18	47	96	55	80	49	46	47	88	88	31	38
31	37	43	59	54	31	53	35	38	43	66	58	55	42	61	68	47	33	26	60	40	39	17	51	32	44	2	43	100	64	52	60	63	65	68	74	74	61	0	76	62	70	64	75	26	59	96	42	71	41	27	95	57	78	61	25	26	18	17	60	61	46	85	69	27	75	68	102	34	77	70	70	35	11	31	26	69	48	54	56	77	31
45	84	77	78	86	47	75	97	38	57	68	60	59	39	16	64	82	57	74	42	69	42	86	30	90	59	77	64	24	43	38	67	24	37	56	19	37	29	76	0	80	89	52	12	50	26	21	84	54	35	87	19	21	79	79	83	50	93	90	64	55	81	34	22	95	17	18	27	69	26	45	25	107	73	84	55	25	40	83	82	2	45
64	30	100	114	112	69	108	97	63	90	115	20	101	74	66	114	17	81	85	38	94	73	79	78	94	24	64	22	99	100	43	109	86	96	110	64	49	50	62	80	0	126	104	70	55	83	97	24	111	64	43	95	76	128	1	42	58	74	77	16	104	19	109	90	88	91	86	104	89	99	40	93	93	51	92	70	92	83	111	113	81	64
64	106	27	13	18	58	18	50	68	37	22	114	30	59	85	28	115	45	44	105	32	58	60	62	45	103	69	104	105	47	95	22	65	53	35	101	113	99	70	89	126	0	38	97	72	63	102	111	39	68	97	101	70	20	125	94	69	71	65	118	35	113	69	68	58	75	71	103	37	69	115	65	67	79	42	56	65	52	16	14	90	64
41	92	36	28	40	37	28	65	41	22	17	89	12	31	51	12	98	31	44	76	31	32	63	29	57	80	64	83	67	9	67	17	28	15	5	66	81	67	64	52	104	38	0	61	51	27	63	96	8	40	87	63	35	27	103	84	49	75	69	93	4	96	33	30	67	37	34	65	35	31	84	27	79	69	50	39	27	22	37	34	53	41
47	78	83	85	93	50	82	100	39	63	77	51	67	43	15	73	75	62	77	32	74	45	87	36	93	52	77	57	29	53	30	75	33	46	66	7	26	20	75	12	70	97	61	0	49	34	27	77	64	37	82	25	28	88	69	79	50	93	91	55	63	74	46	33	96	29	28	34	73	38	33	36	108	70	87	57	35	46	90	89	12	47
10	42	48	59	60	15	54	55	14	36	60	42	47	22	35	60	46	27	35	37	41	20	39	30	49	31	28	33	74	48	28	55	41	47	57	48	50	37	26	50	55	72	51	49	0	37	71	45	59	17	39	69	34	74	54	36	3	44	42	46	50	45	65	47	49	52	45	77	37	56	48	48	60	23	44	16	47	31	58	59	52	10
28	78	52	52	60	28	49	74	23	31	43	65	33	17	23	39	80	33	51	50	43	20	66	7	66	59	60	63	46	19	42	41	4	14	32	39	53	40	59	26	83	63	27	34	37	0	43	80	32	21	76	42	8	55	82	73	36	74	70	70	29	79	28	10	73	17	10	46	44	19	58	11	85	59	60	34	10	14	57	56	27	28
66	104	94	91	102	67	90	116	59	74	80	77	73	58	37	74	101	76	93	59	86	61	106	48	109	79	98	84	3	55	57	80	39	48	67	33	50	47	96	21	97	102	63	27	71	43	0	104	63	56	107	2	40	88	96	104	71	114	110	82	67	101	36	35	114	27	32	7	87	33	59	36	126	94	102	74	37	57	98	96	19	66
55	6	84	99	95	59	94	76	57	78	103	33	90	66	68	103	7	68	67	48	79	64	58	73	74	25	44	21	106	93	47	97	83	91	101	72	62	57	42	84	24	111	96	77	45	80	104	0	103	59	19	102	74	116	24	20	47	52	56	31	95	6	107	89	66	91	86	110	74	97	54	91	70	32	73	58	90	75	95	97	85	55
49	100	42	31	45	45	33	71	48	29	17	95	19	38	55	11	105	38	51	81	37	39	70	34	63	87	71	90	67	12	72	20	31	18	5	70	85	72	71	54	111	39	8	64	59	32	63	103	0	47	95	64	39	25	110	92	56	82	76	99	10	104	30	32	74	38	36	64	42	31	89	29	86	76	57	47	29	28	41	38	55	49
10	57	49	56	60	13	51	64	3	31	52	48	40	10	22	50	60	26	41	37	40	11	51	14	57	40	42	43	59	35	27	48	24	32	46	37	46	31	41	35	64	68	40	37	17	21	56	59	47	0	56	54	17	66	63	52	16	58	55	53	40	58	49	30	60	35	28	61	38	39	47	32	72	40	51	20	31	19	57	57	37	10
49	13	70	86	80	51	80	57	53	68	92	47	80	61	71	93	26	58	53	57	66	58	40	69	57	36	28	32	110	86	53	86	80	86	92	79	72	64	27	87	43	97	87	82	39	76	107	19	95	56	0	106	73	105	43	3	41	33	37	47	86	24	104	86	48	91	84	114	61	95	66	88	51	19	57	48	87	69	81	83	88	49
64	102	93	91	101	66	89	115	57	73	80	75	73	57	35	74	99	75	92	57	85	60	105	47	108	77	97	81	5	55	55	80	39	48	67	31	48	45	95	19	95	101	63	25	69	42	2	102	64	54	106	0	39	88	94	102	69	112	109	79	67	99	36	34	113	26	32	9	86	33	57	36	125	92	101	73	36	56	98	96	18	64
26	73	56	58	65	27	55	76	20	36	50	58	39	18	16	46	74	36	53	43	47	21	66	9	69	53	59	57	44	27	35	48	9	22	40	31	46	32	57	21	76	70	35	28	34	8	40	74	39	17	73	39	0	62	75	69	33	74	70	63	37	73	33	14	74	18	11	45	47	23	50	17	86	57	62	34	15	19	62	61	23	26
64	112	38	21	34	59	26	66	66	38	13	114	27	56	78	16	119	48	54	102	39	56	72	55	60	104	78	106	91	36	93	19	55	42	22	93	108	94	78	79	128	20	27	88	74	55	88	116	25	66	105	88	62	0	127	102	71	84	77	118	26	118	53	56	73	63	60	88	44	55	111	53	83	86	55	59	54	47	31	27	79	64
63	29	100	113	111	68	107	96	62	89	114	19	100	73	65	113	17	80	84	37	93	72	78	77	94	23	63	21	98	99	42	108	85	95	109	63	48	49	61	79	1	125	103	69	54	82	96	24	110	63	43	94	75	127	0	42	57	74	77	15	103	19	107	89	87	90	85	103	89	98	39	92	93	50	91	70	91	82	110	112	80	63
45	14	67	84	78	48	78	56	50	65	89	45	77	57	67	90	26	55	50	54	64	55	39	66	56	33	26	30	107	83	50	83	77	82	89	76	70	61	25	83	42	94	84	79	36	73	104	20	92	52	3	102	69	102	42	0	38	32	36	45	82	24	101	83	47	87	81	110	58	92	63	84	51	16	55	45	83	66	78	81	85	45
8	44	45	56	57	12	51	53	13	33	57	45	44	20	35	57	49	24	32	40	38	17	38	28	47	34	27	36	74	46	31	52	39	45	54	49	52	38	26	50	58	69	49	50	3	36	71	47	56	16	41	69	33	71	57	38	0	43	41	49	48	48	63	46	47	51	44	76	34	54	51	47	58	24	42	13	46	28	55	56	52	8
48	46	46	63	54	47	58	26	55	53	73	73	64	57	79	76	58	44	31	77	46	54	12	67	27	60	16	58	117	77	70	67	78	79	78	92	92	79	18	93	74	71	75	93	44	74	114	52	82	58	33	112	74	84	74	32	43	0	7	74	71	56	100	85	16	91	84	119	41	92	88	85	19	26	30	40	84	62	55	58	95	48
45	50	39	57	47	43	51	20	52	47	67	75	58	53	76	70	61	39	25	77	40	50	6	63	21	61	15	60	114	71	69	60	74	74	72	90	91	78	17	90	77	65	69	91	42	70	110	56	76	55	37	109	70	77	77	36	41	7	0	76	66	60	95	80	10	87	80	115	35	88	88	81	18	28	23	36	80	58	49	52	92	45
54	35	93	105	105	59	100	94	52	81	104	4	91	62	51	103	26	73	79	23	86	62	76	65	91	16	62	17	83	87	28	100	72	83	98	49	34	35	60	64	16	118	93	55	46	70	82	31	99	53	47	79	63	118	15	45	49	74	76	0	93	26	94	76	86	77	72	88	82	84	25	79	93	49	87	62	78	71	104	105	65	54
41	91	32	25	37	36	24	61	41	19	14	89	9	31	52	10	97	28	41	76	27	31	60	30	53	80	61	82	70	12	67	13	30	19	7	68	82	68	61	55	104	35	4	63	50	29	67	95	10	40	86	67	37	26	103	82	48	71	66	93	0	95	37	33	64	40	36	69	31	34	85	31	76	67	47	37	31	22	33	30	55	41
55	11	87	101	98	59	96	80	56	80	104	28	91	66	66	104	2	70	70	44	81	65	62	73	78	22	48	17	103	93	44	99	82	91	101	69	57	54	46	81	19	113	96	74	45	79	101	6	104	58	24	99	73	118	19	24	48	56	60	26	95	0	106	87	70	90	84	107	76	96	49	89	75	35	77	59	88	75	98	100	83	55
56	105	68	61	73	54	61	95	51	50	47	90	45	44	43	42	107	56	73	72	61	47	90	35	87	85	86	90	38	26	66	49	24	22	34	53	71	61	85	34	109	69	33	46	65	28	36	107	30	49	104	36	33	53	107	101	63	100	95	94	37	106	0	19	96	18	22	35	64	10	78	17	108	87	80	60	18	38	69	67	34	56
39	87	59	57	67	38	55	83	33	40	46	72	38	28	26	41	88	43	60	55	51	31	76	18	76	67	70	71	38	21	48	46	6	14	34	39	56	44	69	22	90	68	30	33	47	10	35	89	32	30	86	34	14	56	89	83	46	85	80	76	33	87	19	0	83	8	5	38	53	9	61	3	95	69	69	44	2	23	63	62	23	39
50	60	34	52	40	47	46	10	57	46	63	84	56	57	82	67	72	40	23	85	37	54	10	66	13	71	24	70	118	71	77	57	77	74	70	96	99	86	27	95	88	58	67	96	49	73	114	66	74	60	48	113	74	73	87	47	47	16	10	86	64	70	96	83	0	90	83	119	33	89	96	83	12	37	18	40	82	59	43	46	96	50
44	90	67	65	75	44	63	91	38	47	54	72	46	34	26	48	91	50	67	55	59	37	83	24	83	69	76	73	30	28	48	53	13	22	41	35	53	43	75	17	91	75	37	29	52	17	27	91	38	35	91	26	18	63	90	87	51	91	87	77	40	90	18	8	90	0	7	30	61	9	60	10	102	75	76	51	10	31	71	70	17	44
37	84	61	60	70	37	58	84	31	41	50	68	41	27	22	45	85	44	61	51	53	30	76	17	77	63	69	68	36	25	44	49	7	18	38	34	51	40	68	18	86	71	34	28	45	10	32	86	36	28	84	32	11	60	85	81	44	84	80	72	36	84	22	5	83	7	0	36	54	12	57	8	95	68	70	44	7	24	66	65	19	37
71	110	97	93	104	72	92	120	64	77	81	84	75	62	43	75	108	80	97	65	89	65	111	53	113	85	103	90	6	57	63	82	43	51	68	40	57	54	102	27	104	103	65	34	77	46	7	110	64	61	114	9	45	88	103	110	76	119	115	88	69	107	35	38	119	30	36	0	90	34	65	39	131	100	106	79	39	61	101	99	25	71
31	69	11	25	23	26	20	31	36	14	33	79	23	31	59	35	78	12	10	73	6	28	29	39	23	67	34	68	90	39	63	26	47	42	37	75	83	69	34	69	89	37	35	73	37	44	87	74	42	38	61	86	47	44	89	58	34	41	35	82	31	76	64	53	33	61	54	90	0	58	83	52	45	43	16	20	51	30	22	23	70	31
47	96	64	59	70	46	58	89	42	45	47	80	41	36	34	41	97	49	66	63	56	39	83	26	82	76	78	80	36	22	56	48	15	17	34	44	62	51	77	26	99	69	31	38	56	19	33	97	31	39	95	33	23	55	98	92	54	92	88	84	34	96	10	9	89	9	12	34	58	0	68	7	102	78	75	52	8	30	67	65	26	47
53	57	95	102	106	58	98	103	48	78	98	22	86	57	35	95	49	72	83	11	86	58	86	56	98	30	72	34	60	77	20	95	59	72	90	27	9	18	70	45	40	115	84	33	48	58	59	54	89	47	66	57	50	111	39	63	51	88	88	25	85	49	78	61	96	60	57	65	83	68	0	64	105	61	93	63	64	64	104	104	45	53
40	89	58	55	65	39	53	83	35	39	44	75	37	28	29	39	91	42	60	58	50	31	76	19	75	69	71	73	40	19	51	44	8	12	31	42	59	47	70	25	93	65	27	36	48	11	36	91	29	32	88	36	17	53	92	84	47	85	81	79	31	89	17	3	83	10	8	39	52	7	64	0	95	71	68	45	1	23	62	60	26	40
61	64	45	62	49	59	57	17	69	58	74	92	67	69	93	78	76	52	36	95	49	66	20	79	23	79	33	77	130	83	87	68	89	87	81	107	109	96	35	107	93	67	79	108	60	85	126	70	86	72	51	125	86	83	93	51	58	19	18	93	76	75	108	95	12	102	95	131	45	102	105	95	0	45	29	52	94	72	52	55	108	61
31	27	53	68	64	33	62	46	37	49	74	47	61	43	57	74	36	39	36	51	48	40	28	52	44	34	13	32	97	68	44	67	63	68	73	68	66	55	11	73	51	79	69	70	23	59	94	32	76	40	19	92	57	86	50	16	24	26	28	49	67	35	87	69	37	75	68	100	43	78	61	71	45	0	42	29	70	51	64	66	74	31
42	68	17	34	24	37	29	15	48	30	45	85	38	45	72	49	78	26	10	82	20	42	18	54	7	72	29	72	105	55	73	39	63	59	52	88	94	80	31	84	92	42	50	87	44	60	102	73	57	51	57	101	62	55	91	55	42	30	23	87	47	77	80	69	18	76	70	106	16	75	93	68	29	42	0	31	67	45	25	29	85	42
11	54	32	43	43	7	38	43	18	20	45	59	32	17	42	46	61	11	21	52	24	14	32	27	37	47	26	49	78	39	43	40	38	39	44	58	64	49	26	55	70	56	39	57	16	34	74	58	47	20	48	73	34	59	70	45	13	40	36	62	37	59	60	44	40	51	44	79	20	52	63	45	52	29	31	0	44	22	42	43	56	11
39	88	58	55	65	38	53	82	34	38	44	73	36	27	28	39	90	42	59	57	50	30	75	18	74	68	70	72	40	19	50	44	7	12	31	41	58	46	69	25	92	65	27	35	47	10	37	90	29	31	87	36	15	54	91	83	46	84	80	78	31	88	18	2	82	10	7	39	51	8	64	1	94	70	67	44	0	22	61	60	26	39
21	72	38	40	47	18	36	60	20	18	34	67	22	9	33	32	77	19	37	55	29	11	53	10	52	59	49	62	60	18	46	31	18	17	27	49	61	47	48	40	83	52	22	46	31	14	57	75	28	19	69	56	19	47	82	66	28	62	58	71	22	75	38	23	59	31	24	61	30	30	64	23	72	51	45	22	22	0	44	43	41	21
51	90	11	10	4	46	8	36	56	27	25	100	25	48	76	30	99	32	28	93	18	47	44	54	29	89	53	90	101	44	84	20	59	50	36	93	103	88	54	83	111	16	37	90	58	57	98	95	41	57	81	98	62	31	110	78	55	55	49	104	33	98	69	63	43	71	66	101	22	67	104	62	52	64	25	42	61	44	0	3	84	51
52	92	13	7	7	46	7	39	56	26	22	101	23	48	76	27	101	32	30	94	19	47	47	53	33	90	55	91	100	42	84	18	58	48	33	92	103	88	56	82	113	14	34	89	59	56	96	97	38	57	83	96	61	27	112	81	56	58	52	105	30	100	67	62	46	70	65	99	23	65	104	60	55	66	29	43	60	43	3	0	83	52
47	85	79	79	88	49	76	99	40	58	69	61	60	40	18	64	83	59	75	43	70	43	88	31	92	61	79	65	22	44	39	68	25	37	57	19	38	31	77	2	81	90	53	12	52	27	19	85	55	37	88	18	23	79	80	85	52	95	92	65	55	83	34	23	96	17	19	25	70	26	45	26	108	74	85	56	26	41	84	83	0	47
0	52	42	51	53	5	46	54	7	27	51	50	38	12	32	50	56	20	32	42	34	10	41	21	47	40	32	42	69	38	32	46	32	37	47	47	53	38	31	45	64	64	41	47	10	28	66	55	49	10	49	64	26	64	63	45	8	48	45	54	41	55	56	39	50	44	37	71	31	47	53	40	61	31	42	11	39	21	51	52	47	0


