Number of nodes= 82
Number of caregiver= 15 
Number of group=3 

Caregiver_cost=
161	111	132	134	111	121	137	152	101	111	148	204	147	173	141


Caregiver in group=
Group_1:2	5	6	9	10			
Group_2:1	3	4	7	8	11	13	15
Group_3:12	14						

						
skill matrix=
Caregiver1:0	1	5	6	7	9	10	12	14	15	16	17	19	20	22	24	25	27	28	29	30	31	32	33	34	35	38	39	40	41	42	44	46	47	48	49	50	51	52	53	54	55	56	59	60	62	64	66	67	68	69	70	71	72	73	74	75	76	77	78	79	81
Caregiver2:0	6	9	10	12	16	19	22	24	27	29	31	34	35	38	44	48	49	50	51	52	53	55	60	64	66	68	70	77	80	81
Caregiver3:0	1	2	3	4	5	7	8	11	13	14	15	17	18	20	21	23	25	26	28	30	32	33	36	37	39	40	41	42	43	45	46	47	54	56	57	58	59	61	62	63	65	67	69	71	72	73	74	75	76	78	79	81
Caregiver4:0	2	3	4	6	8	9	10	11	12	13	16	18	19	21	22	23	24	26	27	29	31	34	35	36	37	38	43	44	45	48	49	50	51	52	53	55	57	58	60	61	63	64	65	66	68	70	77	80	81
Caregiver5:0	1	5	7	14	15	17	20	25	28	30	32	33	39	40	41	42	46	47	54	56	59	62	67	69	71	72	73	74	75	76	78	79	81			
Caregiver6:0	2	3	4	8	11	13	18	21	23	26	36	37	43	45	57	58	61	63	65	81		
Caregiver7:0	1	5	6	7	9	10	12	14	15	16	17	19	20	22	24	25	27	28	29	30	31	32	33	34	35	38	39	40	41	42	44	46	47	48	49	50	51	52	53	54	55	56	59	60	62	64	66	67	68	69	70	71	72	73	74	75	76	77	78	79	81
Caregiver8:0	1	2	3	4	5	7	8	11	13	14	15	17	18	20	21	23	25	26	28	30	32	33	36	37	39	40	41	42	43	45	46	47	54	56	57	58	59	61	62	63	65	67	69	71	72	73	74	75	76	78	79	81
Caregiver9:0	1	5	7	14	15	17	20	25	28	30	32	33	39	40	41	42	46	47	54	56	59	62	67	69	71	72	73	74	75	76	78	79	81			
Caregiver10:0	1	5	7	14	15	17	20	25	28	30	32	33	39	40	41	42	46	47	54	56	59	62	67	69	71	72	73	74	75	76	78	79	81			
Caregiver11:0	1	5	6	7	9	10	12	14	15	16	17	19	20	22	24	25	27	28	29	30	31	32	33	34	35	38	39	40	41	42	44	46	47	48	49	50	51	52	53	54	55	56	59	60	62	64	66	67	68	69	70	71	72	73	74	75	76	77	78	79	81
Caregiver12:0	1	5	6	7	9	10	12	14	15	16	17	19	20	22	24	25	27	28	29	30	31	32	33	34	35	38	39	40	41	42	44	46	47	48	49	50	51	52	53	54	55	56	59	60	62	64	66	67	68	69	70	71	72	73	74	75	76	77	78	79	81
Caregiver13:0	1	5	6	7	9	10	12	14	15	16	17	19	20	22	24	25	27	28	29	30	31	32	33	34	35	38	39	40	41	42	44	46	47	48	49	50	51	52	53	54	55	56	59	60	62	64	66	67	68	69	70	71	72	73	74	75	76	77	78	79	81
Caregiver14:0	1	2	3	4	5	7	8	11	13	14	15	17	18	20	21	23	25	26	28	30	32	33	36	37	39	40	41	42	43	45	46	47	54	56	57	58	59	61	62	63	65	67	69	71	72	73	74	75	76	78	79	81
Caregiver15:0	1	5	6	7	9	10	12	14	15	16	17	19	20	22	24	25	27	28	29	30	31	32	33	34	35	38	39	40	41	42	44	46	47	48	49	50	51	52	53	54	55	56	59	60	62	64	66	67	68	69	70	71	72	73	74	75	76	77	78	79	81


type of shift per day=2
number of days=7
Number of shitfs=14

Service time of node=
0	55	29	38	50	29	41	41	37	58	24	27	53	30	57	57	36	45	60	33	34	44	38	56	40	43	52	24	59	29	57	48	29	42	40	32	30	57	26	51	52	30	48	28	32	47	21	38	40	25	41	47	23	43	31	33	40	24	22	56	56	39	56	42	22	55	45	30	25	29	27	57	44	27	53	57	53	37	54	58	53	0

Time window for ptient matrix (day,patient) :first line alfa and second beta
0	813	822	480	780	0	918	628	895	0	0	0	0	0	780	0	990	688	0	631	522	0	0	947	0	976	480	0	880	0	0	515	0	0	480	0	669	780	0	783	0	0	0	0	0	0	683	987	565	0	572	0	717	829	0	572	0	0	0	569	966	791	0	0	0	727	0	0	0	0	0	904	915	0	0	0	0	0	518	0	508	0
0	843	852	780	1080	0	948	717	986	0	0	0	0	0	1080	0	1080	780	0	747	628	0	0	1060	0	1049	780	0	910	0	0	584	0	0	780	0	743	1080	0	902	0	0	0	0	0	0	765	1017	654	0	641	0	780	859	0	688	0	0	0	679	1030	908	0	0	0	757	0	0	0	0	0	995	1023	0	0	0	0	0	548	0	569	0
0	0	780	0	0	581	780	0	0	0	0	0	0	0	0	0	0	588	956	0	0	0	528	943	905	529	480	0	0	0	0	692	0	0	722	803	0	780	903	0	0	635	0	913	639	0	0	0	0	0	480	884	0	0	535	0	0	0	0	0	0	0	678	539	0	0	946	0	0	803	0	480	0	0	536	0	780	988	847	780	0	0
0	0	1080	0	0	611	1080	0	0	0	0	0	0	0	0	0	0	663	986	0	0	0	616	1014	935	559	780	0	0	0	0	780	0	0	752	833	0	1080	1001	0	0	701	0	998	738	0	0	0	0	0	780	1002	0	0	637	0	0	0	0	0	0	0	708	632	0	0	976	0	0	916	0	585	0	0	566	0	1080	1056	877	1080	0	0
0	664	555	0	481	919	706	0	546	976	535	0	540	0	0	780	0	0	0	0	951	907	0	857	0	901	0	0	0	0	0	0	0	0	0	0	707	540	0	0	909	672	0	780	780	959	0	575	0	0	0	688	0	0	596	480	0	0	1007	0	0	480	0	0	0	0	948	995	0	480	652	0	780	780	887	0	0	0	0	780	0	0
0	741	652	0	554	982	780	0	576	1006	640	0	570	0	0	1080	0	0	0	0	1020	937	0	887	0	983	0	0	0	0	0	0	0	0	0	0	769	631	0	0	939	735	0	1080	1080	1043	0	637	0	0	0	780	0	0	626	780	0	0	1080	0	0	780	0	0	0	0	1014	1025	0	780	682	0	1080	1080	950	0	0	0	0	1080	0	0
0	0	812	0	0	905	0	0	480	0	992	0	0	0	0	708	0	0	0	0	0	529	0	576	0	0	0	0	0	580	989	0	563	0	0	780	655	0	780	912	780	782	537	621	0	0	0	0	943	700	667	555	820	0	0	0	794	1010	0	0	0	833	0	619	869	0	0	0	617	0	0	677	0	0	0	0	480	831	1001	0	0	0
0	0	876	0	0	994	0	0	780	0	1080	0	0	0	0	738	0	0	0	0	0	559	0	681	0	0	0	0	0	699	1064	0	683	0	0	1080	753	0	1080	984	1080	892	567	687	0	0	0	0	1054	761	697	641	922	0	0	0	893	1040	0	0	0	863	0	692	935	0	0	0	647	0	0	707	0	0	0	0	780	947	1080	0	0	0
0	0	0	0	0	874	0	0	0	727	480	801	936	500	928	895	0	0	0	0	0	780	0	0	698	485	0	837	696	780	834	581	480	0	0	0	0	0	0	0	0	0	0	0	0	980	938	922	0	480	0	0	0	0	0	0	848	719	829	0	553	0	0	0	780	480	0	0	590	0	480	0	0	0	0	941	819	0	544	803	0	0
0	0	0	0	0	937	0	0	0	757	780	831	966	612	958	925	0	0	0	0	0	1080	0	0	777	562	0	867	757	1080	911	654	780	0	0	0	0	0	0	0	0	0	0	0	0	1010	1022	1025	0	780	0	0	0	0	0	0	914	749	948	0	583	0	0	0	887	780	0	0	680	0	780	0	0	0	0	1061	939	0	639	883	0	0
0	0	0	0	509	0	0	910	0	0	0	0	0	981	796	529	780	0	617	909	0	0	480	0	0	0	0	1001	480	0	0	0	0	675	0	480	944	0	0	0	0	0	0	0	0	916	860	886	0	0	0	0	913	651	0	595	0	480	0	946	986	695	980	0	0	1008	0	844	0	579	813	0	941	0	919	0	0	0	0	0	0	0
0	0	0	0	590	0	0	1023	0	0	0	0	0	1011	826	630	1080	0	647	997	0	0	780	0	0	0	0	1080	574	0	0	0	0	705	0	780	1050	0	0	0	0	0	0	0	0	991	979	948	0	0	0	0	943	745	0	625	0	780	0	976	1068	725	1010	0	0	1071	0	938	0	640	900	0	1033	0	1034	0	0	0	0	0	0	0
0	0	0	780	0	0	1007	0	0	0	0	780	873	0	502	0	780	780	0	569	0	0	0	0	0	0	975	780	632	0	0	528	0	598	0	0	0	0	0	0	690	552	780	0	0	852	846	0	635	780	0	852	914	622	980	0	780	657	0	0	0	0	0	721	0	0	0	0	0	0	980	0	0	863	0	839	699	0	0	958	823	0
0	0	0	1080	0	0	1078	0	0	0	0	1080	978	0	532	0	1080	1080	0	650	0	0	0	0	0	0	1080	1080	662	0	0	630	0	707	0	0	0	0	0	0	780	582	1080	0	0	952	876	0	665	1080	0	953	944	735	1073	0	1080	747	0	0	0	0	0	751	0	0	0	0	0	0	1080	0	0	964	0	926	780	0	0	1042	853	0


CII matrix(caregiver, patient)
0	4	0	0	0	6	3	3	0	7	3	0	3	0	4	3	4	7	0	3	6	0	4	0	7	7	0	5	5	6	5	6	4	4	6	7	0	0	6	5	3	6	6	0	4	0	7	6	4	3	7	6	4	5	5	5	5	0	0	5	6	0	3	0	6	0	3	6	7	3	5	5	3	6	3	4	7	7	7	7	6	0
0	0	0	0	0	0	10	0	0	6	6	0	6	0	0	0	9	0	0	9	0	0	7	0	6	0	0	8	0	10	0	10	0	0	9	7	0	0	6	0	0	0	0	0	8	0	0	0	8	6	7	7	6	8	0	7	0	0	0	0	7	0	0	0	8	0	7	0	8	0	7	0	0	0	0	0	0	7	0	0	7	0
0	3	7	3	4	6	0	5	7	0	0	7	0	4	7	3	0	7	3	0	3	3	0	3	0	4	7	0	5	0	3	0	3	6	0	0	4	4	0	5	5	6	6	6	0	7	5	4	0	0	0	0	0	0	6	0	7	7	3	7	0	4	6	7	0	3	0	5	0	5	0	4	4	7	4	7	3	0	7	6	0	0
0	0	7	7	7	0	3	0	5	7	3	7	7	3	0	0	6	0	3	3	0	3	5	7	3	0	7	6	0	6	0	3	0	0	6	5	5	4	5	0	0	0	0	6	7	4	0	0	3	6	4	7	7	3	0	5	0	5	5	0	3	5	0	6	5	4	3	0	4	0	5	0	0	0	0	0	0	5	0	0	6	0
0	8	0	0	0	7	0	10	0	0	0	0	0	0	8	10	0	8	0	0	7	0	0	0	0	8	0	0	7	0	10	0	7	8	0	0	0	0	0	7	6	10	6	0	0	0	8	7	0	0	0	0	0	0	8	0	10	0	0	8	0	0	7	0	0	0	0	7	0	10	0	10	6	7	9	10	6	0	9	9	0	0
0	0	7	7	8	0	0	0	8	0	0	6	0	8	0	0	0	0	9	0	0	7	0	7	0	0	7	0	0	0	0	0	0	0	0	0	9	10	0	0	0	0	0	10	0	8	0	0	0	0	0	0	0	0	0	0	0	8	10	0	0	7	0	6	0	8	0	0	0	0	0	0	0	0	0	0	0	0	0	0	0	0
0	3	0	0	0	6	7	7	0	7	6	0	5	0	7	5	4	5	0	6	4	0	5	0	7	4	0	5	7	7	6	6	5	3	3	6	0	0	7	6	5	6	7	0	3	0	3	6	5	5	4	4	6	3	3	5	3	0	0	5	5	0	3	0	3	0	5	3	6	6	5	6	7	6	3	4	4	5	7	6	6	0
0	6	4	6	7	3	0	7	3	0	0	3	0	7	6	4	0	4	4	0	6	4	0	5	0	4	6	0	7	0	6	0	4	3	0	0	6	3	0	3	4	3	6	7	0	7	7	6	0	0	0	0	0	0	7	0	3	4	4	4	0	4	3	6	0	5	0	7	0	5	0	7	6	5	7	3	6	0	3	5	0	0
0	10	0	0	0	6	0	7	0	0	0	0	0	0	6	9	0	6	0	0	8	0	0	0	0	9	0	0	6	0	6	0	6	10	0	0	0	0	0	10	8	10	9	0	0	0	7	8	0	0	0	0	0	0	8	0	6	0	0	6	0	0	6	0	0	0	0	7	0	10	0	9	7	6	7	6	6	0	8	6	0	0
0	10	0	0	0	9	0	10	0	0	0	0	0	0	6	8	0	9	0	0	10	0	0	0	0	6	0	0	6	0	9	0	9	8	0	0	0	0	0	7	7	9	7	0	0	0	6	8	0	0	0	0	0	0	7	0	8	0	0	7	0	0	10	0	0	0	0	7	0	7	0	8	8	7	10	8	6	0	8	7	0	0
0	7	0	0	0	5	3	3	0	4	5	0	3	0	7	6	5	4	0	6	3	0	6	0	6	5	0	5	4	3	3	4	3	7	6	4	0	0	6	6	5	3	3	0	7	0	5	4	4	7	5	4	4	3	5	4	4	0	0	3	3	0	6	0	4	0	4	3	5	3	5	6	7	4	6	6	4	5	5	6	4	0
0	3	0	0	0	4	3	2	0	4	4	0	3	0	5	5	5	5	0	2	3	0	1	0	5	5	0	1	4	4	2	4	4	4	1	4	0	0	2	3	5	2	4	0	4	0	2	3	3	4	3	3	1	3	2	5	4	0	0	4	1	0	5	0	4	0	1	3	5	5	5	3	1	1	5	3	1	3	5	4	5	0
0	6	0	0	0	4	6	7	0	7	5	0	5	0	6	3	7	7	0	3	4	0	5	0	7	4	0	3	6	6	5	5	3	4	3	3	0	0	7	4	7	7	7	0	4	0	7	5	6	4	6	7	6	4	6	6	7	0	0	7	7	0	7	0	3	0	3	7	6	4	4	4	3	5	4	3	3	4	5	4	5	0
0	1	3	3	3	3	0	1	4	0	0	2	0	1	1	1	0	2	3	0	5	4	0	4	0	4	5	0	3	0	4	0	1	1	0	0	2	5	0	2	3	2	1	1	0	5	2	4	0	0	0	0	0	0	2	0	2	5	3	5	0	4	3	4	0	4	0	5	0	5	0	4	4	4	1	2	4	0	4	3	0	0
0	3	0	0	0	5	7	4	0	5	3	0	3	0	3	7	6	7	0	3	3	0	5	0	3	7	0	3	4	6	6	4	3	6	6	6	0	0	3	3	4	3	3	0	3	0	6	5	5	3	7	7	7	4	5	6	6	0	0	4	3	0	3	0	3	0	3	3	6	3	3	4	3	7	5	7	6	4	6	3	6	0



travel time=
0	27	31	19	59	43	3	40	37	40	25	43	44	45	44	46	42	36	43	42	22	18	31	39	41	21	30	26	19	25	58	35	21	25	43	11	40	49	35	16	25	31	33	24	4	40	31	47	58	22	49	31	28	41	48	41	17	39	41	24	37	45	34	44	21	25	44	36	13	51	22	23	73	41	16	28	45	46	40	48	32	0
27	0	45	9	46	60	30	45	39	43	9	57	56	58	59	31	25	49	50	46	8	33	57	52	48	10	42	31	33	30	45	47	22	17	29	16	57	50	42	13	17	13	59	6	26	61	39	55	85	42	36	21	16	48	74	66	14	44	61	12	54	51	45	52	35	9	58	43	27	57	19	18	53	45	34	52	55	70	42	56	16	27
31	45	0	42	87	15	32	15	68	17	48	12	13	14	15	73	67	5	15	17	45	48	46	9	14	45	3	16	49	16	46	5	51	30	39	37	12	25	11	42	52	55	28	46	35	65	10	17	54	49	77	59	54	14	53	59	43	15	18	49	9	18	5	15	10	48	13	10	44	22	50	51	97	18	14	50	15	66	71	19	57	31
19	9	42	0	46	56	22	45	33	44	6	54	54	55	56	31	26	47	49	46	4	25	48	49	47	3	39	30	24	29	51	45	15	18	34	8	53	51	41	5	12	14	52	5	18	52	38	54	77	34	36	19	13	47	66	57	5	44	56	8	50	50	43	51	31	6	55	42	18	57	12	12	56	45	29	43	54	61	37	55	15	19
59	46	87	46	0	101	60	90	29	89	40	99	100	101	101	15	21	92	95	91	42	48	76	95	93	43	85	75	46	74	88	90	38	62	73	50	98	96	86	45	35	33	91	42	55	65	83	100	111	56	10	28	33	93	95	77	44	89	100	38	95	96	89	97	77	40	100	88	48	103	37	37	23	90	74	66	100	78	29	101	31	59
43	60	15	56	101	0	44	22	80	26	62	5	9	8	2	87	82	11	20	24	60	60	51	10	20	59	18	30	61	31	55	14	64	45	51	51	3	29	22	56	66	70	27	61	48	72	23	17	48	58	91	73	68	20	53	64	57	24	9	63	6	22	16	17	25	62	6	20	56	21	64	65	112	26	28	57	13	70	83	19	71	43
3	30	32	22	60	44	0	42	36	42	27	44	45	46	45	47	43	37	45	44	25	17	27	41	43	23	31	29	17	28	61	37	22	28	46	14	41	51	37	19	26	33	32	27	5	37	34	48	56	19	50	33	29	43	45	38	19	41	41	26	38	47	36	46	23	27	45	38	12	52	23	24	75	43	18	24	47	43	40	50	33	3
40	45	15	45	90	22	42	0	75	3	51	17	15	16	21	75	70	13	5	2	48	58	60	12	3	48	12	15	59	16	33	10	57	29	30	43	22	10	5	47	57	58	42	49	44	77	8	10	68	60	80	63	58	3	68	73	48	2	29	53	20	5	9	7	19	51	18	5	52	12	56	56	97	3	25	63	12	79	79	10	60	40
37	39	68	33	29	80	36	75	0	75	30	80	81	82	81	25	26	73	79	77	31	21	47	76	77	30	67	60	20	59	84	72	19	51	67	33	77	83	71	29	22	28	65	33	33	36	67	83	83	28	22	19	23	77	66	48	28	74	77	27	75	81	71	80	58	30	81	71	24	87	21	22	51	76	53	37	82	48	3	84	26	37
40	43	17	44	89	26	42	3	75	0	49	21	18	20	24	74	68	16	8	2	47	58	62	16	6	47	15	15	59	16	30	13	56	27	26	42	25	9	6	46	56	56	45	47	44	78	9	13	71	61	79	62	57	6	70	75	47	2	33	51	23	7	12	10	20	49	21	7	52	14	55	55	95	1	26	64	15	81	78	13	58	40
25	9	48	6	40	62	27	51	30	49	0	60	60	61	62	25	20	53	55	51	2	27	52	56	53	4	46	36	26	34	54	51	14	23	37	13	60	57	47	8	9	7	58	2	22	54	44	60	82	36	30	13	8	53	71	60	8	49	63	3	57	56	49	57	38	0	61	48	21	63	10	9	50	50	35	46	60	64	34	61	9	25
43	57	12	54	99	5	44	17	80	21	60	0	3	3	3	85	80	7	14	19	58	60	54	5	15	57	15	26	61	27	50	10	63	41	46	49	6	24	17	55	65	67	31	59	47	74	19	11	53	59	89	71	67	15	57	67	56	19	14	61	6	16	12	12	23	60	1	16	56	16	63	63	109	20	26	59	8	73	83	14	69	43
44	56	13	54	100	9	45	15	81	18	60	3	0	2	7	85	80	8	11	16	58	61	57	4	12	57	15	25	62	26	47	9	64	40	44	50	10	21	15	55	65	67	34	58	48	76	17	8	57	61	89	72	67	12	60	70	56	16	17	61	9	13	11	9	23	60	3	14	57	12	63	63	109	18	27	61	4	76	84	10	69	44
45	58	14	55	101	8	46	16	82	20	61	3	2	0	6	86	81	9	12	18	59	62	57	6	13	58	16	27	63	28	48	11	65	42	46	51	9	22	17	56	66	69	34	60	49	77	19	9	56	62	91	73	68	13	60	70	57	18	17	63	9	14	12	10	24	61	2	15	58	13	64	65	110	19	28	62	5	76	85	11	70	45
44	59	15	56	101	2	45	21	81	24	62	3	7	6	0	87	82	10	18	22	60	61	53	9	18	59	17	29	62	30	53	13	65	44	50	51	5	27	21	57	67	70	29	61	48	74	22	14	50	60	91	73	69	18	55	66	58	22	11	64	7	20	15	15	25	62	3	19	57	18	65	65	112	24	28	59	11	72	84	17	71	44
46	31	73	31	15	87	47	75	25	74	25	85	85	86	87	0	5	78	80	76	27	38	67	80	78	28	70	60	37	59	74	76	25	47	58	36	84	81	71	31	21	18	79	27	43	60	69	85	101	48	6	15	19	78	87	71	30	74	86	23	81	81	74	82	62	25	86	73	36	88	24	23	28	75	60	58	85	72	26	86	16	46
42	25	67	26	21	82	43	70	26	68	20	80	80	81	82	5	0	73	75	71	22	36	64	75	73	23	65	55	34	54	68	70	22	42	52	31	79	75	66	26	17	12	75	21	39	59	63	80	98	46	11	11	14	73	84	69	25	69	82	19	76	75	69	76	57	20	81	67	33	82	20	19	32	69	55	56	79	71	28	80	11	42
36	49	5	47	92	11	37	13	73	16	53	7	8	9	10	78	73	0	12	15	50	54	50	3	11	50	7	19	55	20	46	3	56	34	41	42	9	22	11	47	57	60	30	51	40	69	12	12	55	54	82	64	59	11	56	64	48	14	17	54	7	15	5	11	16	53	8	10	49	17	56	56	102	16	20	55	10	70	76	15	62	36
43	50	15	49	95	20	45	5	79	8	55	14	11	12	18	80	75	12	0	5	53	61	62	10	2	53	14	20	62	21	36	10	61	33	34	47	20	10	9	51	61	62	42	53	47	80	12	5	66	63	85	68	63	2	68	75	52	6	27	57	18	2	10	2	22	55	14	8	56	8	60	60	102	7	27	65	7	81	83	6	64	43
42	46	17	46	91	24	44	2	77	2	51	19	16	18	22	76	71	15	5	0	49	60	63	14	4	49	15	17	60	18	31	12	58	29	29	44	24	8	7	48	58	58	45	49	46	79	10	11	70	62	81	64	59	4	70	76	49	2	32	53	22	5	12	8	21	51	19	7	54	12	57	57	98	2	27	65	13	82	80	10	60	42
22	8	45	4	42	60	25	48	31	47	2	58	58	59	60	27	22	50	53	49	0	26	51	53	51	2	43	33	25	32	52	48	14	21	36	11	57	55	44	7	10	10	55	2	21	53	41	58	80	35	32	15	10	51	69	59	7	47	60	4	54	54	47	54	35	2	59	46	20	60	11	10	52	48	33	45	57	63	35	58	11	22
18	33	48	25	48	60	17	58	21	58	27	60	61	62	61	38	36	54	61	60	26	0	29	57	59	24	48	44	2	43	73	53	14	39	57	19	57	67	53	20	21	30	44	28	14	27	50	65	63	10	39	25	24	59	48	34	20	57	56	24	55	63	52	62	39	27	61	54	7	69	17	19	66	59	34	20	63	37	24	66	29	18
31	57	46	48	76	51	27	60	47	62	52	54	57	57	53	67	64	50	62	63	51	29	0	54	60	49	48	51	30	51	86	52	43	55	72	40	48	70	56	44	49	57	26	53	31	22	53	63	36	19	67	53	52	60	20	13	44	60	44	51	48	64	52	61	42	52	55	56	32	67	45	46	95	63	37	10	60	19	49	65	57	31
39	52	9	49	95	10	41	12	76	16	56	5	4	6	9	80	75	3	10	14	53	57	54	0	10	52	10	21	58	22	45	5	59	36	41	45	10	20	12	50	60	63	32	54	44	73	13	9	56	57	85	67	62	10	58	67	51	13	17	57	8	12	6	8	19	56	6	10	52	14	59	59	104	15	23	58	6	73	80	12	65	39
41	48	14	47	93	20	43	3	77	6	53	15	12	13	18	78	73	11	2	4	51	59	60	10	0	50	12	18	60	19	35	9	59	31	33	45	20	11	7	49	59	60	41	51	45	78	10	7	66	61	83	66	60	0	67	73	50	5	27	55	18	4	9	4	20	53	15	6	54	10	58	58	100	6	25	63	9	79	80	8	62	41
21	10	45	3	43	59	23	48	30	47	4	57	57	58	59	28	23	50	53	49	2	24	49	52	50	0	42	33	23	32	54	48	12	21	37	9	56	55	44	4	9	11	54	4	19	51	41	57	79	33	32	15	10	50	67	57	4	47	59	4	53	54	46	54	34	4	58	45	18	60	9	9	54	48	32	43	57	60	34	58	12	21
30	42	3	39	85	18	31	12	67	15	46	15	15	16	17	70	65	7	14	15	43	48	48	10	12	42	0	12	49	13	43	5	49	27	35	35	16	22	8	40	50	53	30	44	34	65	7	17	57	49	75	57	52	12	56	61	41	13	21	47	12	16	4	14	9	46	16	8	43	21	49	49	95	15	13	51	15	67	70	19	55	30
26	31	16	30	75	30	29	15	60	15	36	26	25	27	29	60	55	19	20	17	33	44	51	21	18	33	12	0	44	1	35	16	42	15	24	28	28	23	11	32	41	43	39	34	30	66	8	25	67	47	65	48	43	18	63	64	33	14	34	37	25	21	15	21	10	36	27	12	38	27	40	40	83	16	14	52	25	70	64	25	45	26
19	33	49	24	46	61	17	59	20	59	26	61	62	63	62	37	34	55	62	60	25	2	30	58	60	23	49	44	0	43	73	54	13	39	57	19	58	67	54	20	20	28	45	27	15	28	50	66	65	11	37	23	23	60	50	35	19	58	58	23	56	64	53	63	40	26	62	55	7	70	16	17	65	60	35	22	64	38	22	67	27	19
25	30	16	29	74	31	28	16	59	16	34	27	26	28	30	59	54	20	21	18	32	43	51	22	19	32	13	1	43	0	35	17	41	14	24	27	29	24	12	31	40	42	39	33	29	65	9	26	67	47	64	47	42	19	62	63	32	15	34	36	26	22	16	22	10	34	28	13	37	28	39	39	82	17	14	51	26	69	62	26	43	25
58	45	46	51	88	55	61	33	84	30	54	50	47	48	53	74	68	46	36	31	52	73	86	45	35	54	43	35	73	35	0	43	66	34	17	54	55	27	35	55	62	58	73	51	60	98	36	40	100	79	80	67	61	35	97	98	56	32	62	57	52	34	41	38	45	54	50	36	66	38	63	62	87	30	49	85	43	104	87	38	61	58
35	47	5	45	90	14	37	10	72	13	51	10	9	11	13	76	70	3	10	12	48	53	52	5	9	48	5	16	54	17	43	0	55	31	37	41	13	20	8	46	56	58	32	49	40	70	9	12	58	54	80	62	57	9	58	65	47	11	20	52	10	12	2	9	14	51	11	7	48	16	54	54	100	13	19	55	10	71	75	14	60	35
21	22	51	15	38	64	22	57	19	56	14	63	64	65	65	25	22	56	61	58	14	14	43	59	59	12	49	42	13	41	66	55	0	33	49	14	61	65	52	11	7	15	53	16	18	41	49	65	76	24	28	11	10	59	62	48	10	56	63	11	58	62	54	62	41	14	64	53	11	69	3	4	53	57	37	35	64	51	22	67	14	21
25	17	30	18	62	45	28	29	51	27	23	41	40	42	44	47	42	34	33	29	21	39	55	36	31	21	27	15	39	14	34	31	33	0	18	20	42	34	25	22	30	29	49	21	27	65	23	39	77	46	52	36	31	31	70	66	23	27	48	25	39	34	30	35	22	23	42	27	32	41	30	30	69	28	23	53	39	71	55	39	32	25
43	29	39	34	73	51	46	30	67	26	37	46	44	46	50	58	52	41	34	29	36	57	72	41	33	37	35	24	57	24	17	37	49	18	0	38	50	29	29	39	45	42	63	35	45	83	29	39	91	64	64	50	45	33	86	84	40	28	57	40	47	33	36	36	34	37	47	31	50	39	46	46	74	27	37	71	41	89	71	39	44	43
11	16	37	8	50	51	14	43	33	42	13	49	50	51	51	36	31	42	47	44	11	19	40	45	45	9	35	28	19	27	54	41	14	20	38	0	48	51	38	5	15	20	44	13	10	46	35	51	69	27	40	22	18	45	58	50	6	42	50	13	45	48	40	48	27	13	51	39	12	55	13	13	63	43	23	36	50	54	36	52	21	11
40	57	12	53	98	3	41	22	77	25	60	6	10	9	5	84	79	9	20	24	57	57	48	10	20	56	16	28	58	29	55	13	61	42	50	48	0	30	21	53	63	67	25	58	44	69	21	18	47	55	88	70	65	20	50	61	54	23	8	61	3	22	14	18	22	60	7	19	53	22	61	61	109	25	25	54	14	68	80	20	68	40
49	50	25	51	96	29	51	10	83	9	57	24	21	22	27	81	75	22	10	8	55	67	70	20	11	55	22	23	67	24	27	20	65	34	29	51	30	0	15	54	64	63	52	55	53	87	18	13	76	70	86	70	64	11	78	83	55	10	37	59	28	8	19	12	29	57	24	15	61	11	63	63	101	8	34	73	16	89	87	11	65	49
35	42	11	41	86	22	37	5	71	6	47	17	15	17	21	71	66	11	9	7	44	53	56	12	7	44	8	11	54	12	35	8	52	25	29	38	21	15	0	43	52	54	39	45	39	72	3	13	65	55	76	59	54	7	64	69	44	5	28	48	18	10	7	10	14	47	18	2	47	16	51	51	94	7	20	58	14	75	74	14	56	35
16	13	42	5	45	56	19	47	29	46	8	55	55	56	57	31	26	47	51	48	7	20	44	50	49	4	40	32	20	31	55	46	11	22	39	5	53	54	43	0	10	15	50	9	14	47	39	56	74	29	34	17	12	49	62	52	1	46	56	8	50	52	44	52	32	8	56	44	13	59	9	9	57	47	29	38	55	56	33	57	16	16
25	17	52	12	35	66	26	57	22	56	9	65	65	66	67	21	17	57	61	58	10	21	49	60	59	9	50	41	20	40	62	56	7	30	45	15	63	64	52	10	0	9	58	11	22	47	49	66	81	31	25	7	3	59	68	55	9	56	65	5	60	62	54	62	42	9	66	54	17	69	3	2	49	57	39	41	65	58	25	67	8	25
31	13	55	14	33	70	33	58	28	56	7	67	67	69	70	18	12	60	62	58	10	30	57	63	60	11	53	43	28	42	58	58	15	29	42	20	67	63	54	15	9	0	64	9	28	56	51	67	88	40	23	9	6	60	76	64	14	56	70	7	64	63	57	64	45	7	68	55	25	70	12	11	43	57	43	50	67	67	31	68	2	31
33	59	28	52	91	27	32	42	65	45	58	31	34	34	29	79	75	30	42	45	55	44	26	32	41	54	30	39	45	39	73	32	53	49	63	44	25	52	39	50	58	64	0	57	36	47	37	41	27	38	81	64	61	41	26	38	50	43	19	57	25	44	33	41	29	58	32	38	43	46	55	56	106	45	27	34	38	44	67	44	65	33
24	6	46	5	42	61	27	49	33	47	2	59	58	60	61	27	21	51	53	49	2	28	53	54	51	4	44	34	27	33	51	49	16	21	35	13	58	55	45	9	11	9	57	0	23	55	42	58	82	37	32	16	10	51	71	61	9	47	62	5	55	54	48	55	36	2	60	46	22	61	12	12	51	48	34	47	58	65	36	59	11	24
4	26	35	18	55	48	5	44	33	44	22	47	48	49	48	43	39	40	47	46	21	14	31	44	45	19	34	30	15	29	60	40	18	27	45	10	44	53	39	14	22	28	36	23	0	38	36	51	60	19	45	28	25	45	48	40	15	43	45	22	42	49	39	48	25	22	48	40	9	55	19	19	70	45	21	26	49	45	36	52	29	4
40	61	65	52	65	72	37	77	36	78	54	74	76	77	74	60	59	69	80	79	53	27	22	73	78	51	65	66	28	65	98	70	41	65	83	46	69	87	72	47	47	56	47	55	38	0	69	82	54	19	58	49	50	78	36	14	47	77	65	51	67	82	70	79	58	54	75	73	34	86	44	45	87	79	53	15	79	13	36	84	55	40
31	39	10	38	83	23	34	8	67	9	44	19	17	19	22	69	63	12	12	10	41	50	53	13	10	41	7	8	50	9	36	9	49	23	29	35	21	18	3	39	49	51	37	42	36	69	0	17	63	52	73	56	51	10	62	66	40	8	28	45	18	13	7	13	11	44	19	4	44	20	48	48	92	10	16	55	16	72	71	17	53	31
47	55	17	54	100	17	48	10	83	13	60	11	8	9	14	85	80	12	5	11	58	65	63	9	7	57	17	25	66	26	40	12	65	39	39	51	18	13	13	56	66	67	41	58	51	82	17	0	65	66	90	73	67	7	67	76	57	12	25	62	17	6	12	3	25	60	11	12	60	5	64	65	108	12	30	67	3	82	87	2	69	47
58	85	54	77	111	48	56	68	83	71	82	53	57	56	50	101	98	55	66	70	80	63	36	56	66	79	57	67	65	67	100	58	76	77	91	69	47	76	65	74	81	88	27	82	60	54	63	65	0	55	102	87	84	66	18	40	75	69	39	82	48	69	58	65	57	82	53	64	65	69	78	79	129	71	54	46	61	45	85	67	89	58
22	42	49	34	56	58	19	60	28	61	36	59	61	62	60	48	46	54	63	62	35	10	19	57	61	33	49	47	11	47	79	54	24	46	64	27	55	70	55	29	31	40	38	37	19	19	52	66	55	0	48	34	34	61	39	24	29	60	53	34	53	65	53	63	41	36	60	56	15	70	27	29	76	62	36	10	63	27	30	67	39	22
49	36	77	36	10	91	50	80	22	79	30	89	89	91	91	6	11	82	85	81	32	39	67	85	83	32	75	65	37	64	80	80	28	52	64	40	88	86	76	34	25	23	81	32	45	58	73	90	102	48	0	18	22	83	87	70	33	79	90	28	85	86	79	86	66	30	90	77	38	92	27	26	28	80	63	58	89	71	23	90	21	49
31	21	59	19	28	73	33	63	19	62	13	71	72	73	73	15	11	64	68	64	15	25	53	67	66	15	57	48	23	47	67	62	11	36	50	22	70	70	59	17	7	9	64	16	28	49	56	73	87	34	18	0	6	66	73	58	16	62	72	11	67	69	61	69	49	13	73	60	22	75	9	9	43	63	46	45	72	60	22	73	7	31
28	16	54	13	33	68	29	58	23	57	8	67	67	68	69	19	14	59	63	59	10	24	52	62	60	10	52	43	23	42	61	57	10	31	45	18	65	64	54	12	3	6	61	10	25	50	51	67	84	34	22	6	0	60	71	58	11	57	68	5	63	63	56	64	44	8	68	55	20	70	7	6	46	58	41	45	67	61	26	68	4	28
41	48	14	47	93	20	43	3	77	6	53	15	12	13	18	78	73	11	2	4	51	59	60	10	0	50	12	18	60	19	35	9	59	31	33	45	20	11	7	49	59	60	41	51	45	78	10	7	66	61	83	66	60	0	67	73	50	5	27	55	18	4	9	4	20	53	15	6	54	10	58	58	100	6	25	63	9	79	80	8	62	41
48	74	53	66	95	53	45	68	66	70	71	57	60	60	55	87	84	56	68	70	69	48	20	58	67	67	56	63	50	62	97	58	62	70	86	58	50	78	64	62	68	76	26	71	48	36	62	67	18	39	87	73	71	67	0	22	63	68	44	69	51	70	59	67	53	71	57	63	51	72	64	65	115	71	49	29	64	27	68	70	76	48
41	66	59	57	77	64	38	73	48	75	60	67	70	70	66	71	69	64	75	76	59	34	13	67	73	57	61	64	35	63	98	65	48	66	84	50	61	83	69	52	55	64	38	61	40	14	66	76	40	24	70	58	58	73	22	0	52	73	57	58	61	77	65	74	55	60	68	69	39	81	52	53	98	76	50	14	73	6	49	78	63	41
17	14	43	5	44	57	19	48	28	47	8	56	56	57	58	30	25	48	52	49	7	20	44	51	50	4	41	33	19	32	56	47	10	23	40	6	54	55	44	1	9	14	50	9	15	47	40	57	75	29	33	16	11	50	63	52	0	47	57	7	51	53	45	54	33	8	57	45	13	60	8	8	56	48	30	38	56	56	32	58	15	17
39	44	15	44	89	24	41	2	74	2	49	19	16	18	22	74	69	14	6	2	47	57	60	13	5	47	13	14	58	15	32	11	56	27	28	42	23	10	5	46	56	56	43	47	43	77	8	12	69	60	79	62	57	5	68	73	47	0	31	51	21	7	10	9	19	49	19	5	51	13	55	55	96	2	24	63	13	79	78	12	58	39
41	61	18	56	100	9	41	29	77	33	63	14	17	17	11	86	82	17	27	32	60	56	44	17	27	59	21	34	58	34	62	20	63	48	57	50	8	37	28	56	65	70	19	62	45	65	28	25	39	53	90	72	68	27	44	57	57	31	0	63	10	30	21	25	26	63	14	27	53	29	63	63	113	33	27	51	22	63	80	28	71	41
24	12	49	8	38	63	26	53	27	51	3	61	61	63	64	23	19	54	57	53	4	24	51	57	55	4	47	37	23	36	57	52	11	25	40	13	61	59	48	8	5	7	57	5	22	51	45	62	82	34	28	11	5	55	69	58	7	51	63	0	58	58	51	58	39	3	62	50	19	65	7	6	50	52	36	44	61	61	31	63	8	24
37	54	9	50	95	6	38	20	75	23	57	6	9	9	7	81	76	7	18	22	54	55	48	8	18	53	12	25	56	26	52	10	58	39	47	45	3	28	18	50	60	64	25	55	42	67	18	17	48	53	85	67	63	18	51	61	51	21	10	58	0	20	11	16	19	57	7	17	50	21	58	59	106	23	22	53	13	67	78	19	65	37
45	51	18	50	96	22	47	5	81	7	56	16	13	14	20	81	75	15	2	5	54	63	64	12	4	54	16	21	64	22	34	12	62	34	33	48	22	8	10	52	62	63	44	54	49	82	13	6	69	65	86	69	63	4	70	77	53	7	30	58	20	0	12	4	24	56	16	9	57	7	61	61	103	6	29	67	9	83	84	5	65	45
34	45	5	43	89	16	36	9	71	12	49	12	11	12	15	74	69	5	10	12	47	52	52	6	9	46	4	15	53	16	41	2	54	30	36	40	14	19	7	44	54	57	33	48	39	70	7	12	58	53	79	61	56	9	59	65	45	10	21	51	11	12	0	10	13	49	12	5	47	17	53	53	98	12	18	55	11	71	74	14	58	34
44	52	15	51	97	17	46	7	80	10	57	12	9	10	15	82	76	11	2	8	54	62	61	8	4	54	14	21	63	22	38	9	62	35	36	48	18	12	10	52	62	64	41	55	48	79	13	3	65	63	86	69	64	4	67	74	54	9	25	58	16	4	10	0	22	57	12	9	56	7	61	61	104	9	28	65	5	80	83	4	66	44
21	35	10	31	77	25	23	19	58	20	38	23	23	24	25	62	57	16	22	21	35	39	42	19	20	34	9	10	40	10	45	14	41	22	34	27	22	29	14	32	42	45	29	36	25	58	11	25	57	41	66	49	44	20	53	55	33	19	26	39	19	24	13	22	0	38	24	15	34	29	40	40	87	21	5	44	24	61	61	27	46	21
25	9	48	6	40	62	27	51	30	49	0	60	60	61	62	25	20	53	55	51	2	27	52	56	53	4	46	36	26	34	54	51	14	23	37	13	60	57	47	8	9	7	58	2	22	54	44	60	82	36	30	13	8	53	71	60	8	49	63	3	57	56	49	57	38	0	61	48	21	63	10	9	50	50	35	46	60	64	34	61	9	25
44	58	13	55	100	6	45	18	81	21	61	1	3	2	3	86	81	8	14	19	59	61	55	6	15	58	16	27	62	28	50	11	64	42	47	51	7	24	18	56	66	68	32	60	48	75	19	11	53	60	90	73	68	15	57	68	57	19	14	62	7	16	12	12	24	61	0	16	57	15	64	64	110	21	27	60	8	74	84	13	70	44
36	43	10	42	88	20	38	5	71	7	48	16	14	15	19	73	67	10	8	7	46	54	56	10	6	45	8	12	55	13	36	7	53	27	31	39	19	15	2	44	54	55	38	46	40	73	4	12	64	56	77	60	55	6	63	69	45	5	27	50	17	9	5	9	15	48	16	0	48	15	52	52	96	7	20	58	12	75	75	13	57	36
13	27	44	18	48	56	12	52	24	52	21	56	57	58	57	36	33	49	56	54	20	7	32	52	54	18	43	38	7	37	66	48	11	32	50	12	53	61	47	13	17	25	43	22	9	34	44	60	65	15	38	22	20	54	51	39	13	51	53	19	50	57	47	56	34	21	57	48	0	63	13	14	64	53	29	25	58	43	27	61	25	13
51	57	22	57	103	21	52	12	87	14	63	16	12	13	18	88	82	17	8	12	60	69	67	14	10	60	21	27	70	28	38	16	69	41	39	55	22	11	16	59	69	70	46	61	55	86	20	5	69	70	92	75	70	10	72	81	60	13	29	65	21	7	17	7	29	63	15	15	63	0	68	68	109	13	34	71	8	87	90	2	72	51
22	19	50	12	37	64	23	56	21	55	10	63	63	64	65	24	20	56	60	57	11	17	45	59	58	9	49	40	16	39	63	54	3	30	46	13	61	63	51	9	3	12	55	12	19	44	48	64	78	27	27	9	7	58	64	52	8	55	63	7	58	61	53	61	40	10	64	52	13	68	0	1	52	56	37	38	64	55	24	65	11	22
23	18	51	12	37	65	24	56	22	55	9	63	63	65	65	23	19	56	60	57	10	19	46	59	58	9	49	40	17	39	62	54	4	30	46	13	61	63	51	9	2	11	56	12	19	45	48	65	79	29	26	9	6	58	65	53	8	55	63	6	59	61	53	61	40	9	64	52	14	68	1	0	51	56	37	39	64	56	25	65	10	23
73	53	97	56	23	112	75	97	51	95	50	109	109	110	112	28	32	102	102	98	52	66	95	104	100	54	95	83	65	82	87	100	53	69	74	63	109	101	94	57	49	43	106	51	70	87	92	108	129	76	28	43	46	100	115	98	56	96	113	50	106	103	98	104	87	50	110	96	64	109	52	51	0	96	85	86	108	99	51	108	42	73
41	45	18	45	90	26	43	3	76	1	50	20	18	19	24	75	69	16	7	2	48	59	63	15	6	48	15	16	60	17	30	13	57	28	27	43	25	8	7	47	57	57	45	48	45	79	10	12	71	62	80	63	58	6	71	76	48	2	33	52	23	6	12	9	21	50	21	7	53	13	56	56	96	0	26	65	14	82	79	12	59	41
16	34	14	29	74	28	18	25	53	26	35	26	27	28	28	60	55	20	27	27	33	34	37	23	25	32	13	14	35	14	49	19	37	23	37	23	25	34	20	29	39	43	27	34	21	53	16	30	54	36	63	46	41	25	49	50	30	24	27	36	22	29	18	28	5	35	27	20	29	34	37	37	85	26	0	39	29	56	57	32	44	16
28	52	50	43	66	57	24	63	37	64	46	59	61	62	59	58	56	55	65	65	45	20	10	58	63	43	51	52	22	51	85	55	35	53	71	36	54	73	58	38	41	50	34	47	26	15	55	67	46	10	58	45	45	63	29	14	38	63	51	44	53	67	55	65	44	46	60	58	25	71	38	39	86	65	39	0	64	19	39	69	49	28
45	55	15	54	100	13	47	12	82	15	60	8	4	5	11	85	79	10	7	13	57	63	60	6	9	57	15	25	64	26	43	10	64	39	41	50	14	16	14	55	65	67	38	58	49	79	16	3	61	63	89	72	67	9	64	73	56	13	22	61	13	9	11	5	24	60	8	12	58	8	64	64	108	14	29	64	0	79	85	6	69	45
46	70	66	61	78	70	43	79	48	81	64	73	76	76	72	72	71	70	81	82	63	37	19	73	79	60	67	70	38	69	104	71	51	71	89	54	68	89	75	56	58	67	44	65	45	13	72	82	45	27	71	60	61	79	27	6	56	79	63	61	67	83	71	80	61	64	74	75	43	87	55	56	99	82	56	19	79	0	49	85	66	46
40	42	71	37	29	83	40	79	3	78	34	83	84	85	84	26	28	76	83	80	35	24	49	80	80	34	70	64	22	62	87	75	22	55	71	36	80	87	74	33	25	31	67	36	36	36	71	87	85	30	23	22	26	80	68	49	32	78	80	31	78	84	74	83	61	34	84	75	27	90	24	25	51	79	57	39	85	49	0	88	29	40
48	56	19	55	101	19	50	10	84	13	61	14	10	11	17	86	80	15	6	10	58	66	65	12	8	58	19	25	67	26	38	14	67	39	39	52	20	11	14	57	67	68	44	59	52	84	17	2	67	67	90	73	68	8	70	78	58	12	28	63	19	5	14	4	27	61	13	13	61	2	65	65	108	12	32	69	6	85	88	0	70	48
32	16	57	15	31	71	33	60	26	58	9	69	69	70	71	16	11	62	64	60	11	29	57	65	62	12	55	45	27	43	61	60	14	32	44	21	68	65	56	16	8	2	65	11	29	55	53	69	89	39	21	7	4	62	76	63	15	58	71	8	65	65	58	66	46	9	70	57	25	72	11	10	42	59	44	49	69	66	29	70	0	32
0	27	31	19	59	43	3	40	37	40	25	43	44	45	44	46	42	36	43	42	22	18	31	39	41	21	30	26	19	25	58	35	21	25	43	11	40	49	35	16	25	31	33	24	4	40	31	47	58	22	49	31	28	41	48	41	17	39	41	24	37	45	34	44	21	25	44	36	13	51	22	23	73	41	16	28	45	46	40	48	32	0
